0.000000	0.000000	0.000000	0.000000	0.000000	0.000000	0.000000	0.000000	0.000000	0.000000	0.000000	0.000000	0.000000	0.000000	0.000000	0.000000	0.000000	0.000000	0.000000	0.000000	0.000000
0.000000	0.000000	0.000000	0.000000	0.000000	0.000000	0.000000	0.000000	0.000000	0.000000	0.000000	0.000000	0.000000	0.000000	0.000000	0.000000	0.000000	0.000000	0.000000	0.000000	0.000001
0.000000	0.000000	0.000000	0.000000	0.000000	0.000000	0.000000	0.000000	0.000000	0.000000	0.000000	0.000000	0.000000	0.000000	0.000000	0.000000	0.000000	0.000000	0.000000	0.000000	0.000003
0.000000	0.000000	0.000000	0.000000	0.000000	0.000000	0.000000	0.000000	0.000000	0.000000	0.000000	0.000000	0.000000	0.000000	0.000000	0.000000	0.000000	0.000000	0.000000	0.000000	0.000009
0.000001	0.000001	0.000001	0.000000	0.000000	0.000000	0.000000	0.000000	0.000000	0.000000	0.000000	0.000000	0.000000	0.000000	0.000000	0.000000	0.000000	0.000000	0.000000	0.000001	0.000028
0.000001	0.000001	0.000001	0.000001	0.000001	0.000001	0.000001	0.000000	0.000000	0.000000	0.000000	0.000000	0.000000	0.000000	0.000000	0.000001	0.000001	0.000000	0.000000	0.000002	0.000079
0.000002	0.000002	0.000001	0.000001	0.000001	0.000001	0.000001	0.000001	0.000001	0.000001	0.000001	0.000000	0.000000	0.000000	0.000000	0.000001	0.000002	0.000000	0.000000	0.000004	0.000213
0.000004	0.000003	0.000002	0.000002	0.000002	0.000002	0.000002	0.000001	0.000001	0.000001	0.000001	0.000001	0.000000	0.000000	0.000000	0.000002	0.000004	0.000001	0.000001	0.000008	0.000541
0.000007	0.000005	0.000004	0.000003	0.000003	0.000003	0.000003	0.000002	0.000001	0.000001	0.000002	0.000001	0.000000	0.000000	0.000000	0.000004	0.000010	0.000001	0.000001	0.000016	0.001291
0.000012	0.000007	0.000006	0.000005	0.000005	0.000005	0.000004	0.000004	0.000002	0.000002	0.000003	0.000001	0.000000	0.000000	0.000000	0.000007	0.000020	0.000002	0.000002	0.000033	0.002910
0.000021	0.000012	0.000010	0.000009	0.000008	0.000008	0.000007	0.000006	0.000003	0.000003	0.000005	0.000002	0.000001	0.000001	0.000001	0.000014	0.000042	0.000003	0.000004	0.000064	0.006229
0.000036	0.000018	0.000016	0.000014	0.000013	0.000013	0.000011	0.000010	0.000005	0.000005	0.000009	0.000003	0.000001	0.000001	0.000001	0.000026	0.000084	0.000005	0.000006	0.000124	0.012740
0.000059	0.000028	0.000024	0.000022	0.000020	0.000020	0.000018	0.000016	0.000007	0.000007	0.000014	0.000005	0.000001	0.000001	0.000001	0.000046	0.000167	0.000009	0.000010	0.000235	0.025073
0.000096	0.000042	0.000038	0.000034	0.000032	0.000031	0.000028	0.000025	0.000011	0.000011	0.000023	0.000008	0.000001	0.000002	0.000001	0.000082	0.000321	0.000014	0.000016	0.000434	0.047665
0.000155	0.000064	0.000058	0.000053	0.000049	0.000049	0.000044	0.000040	0.000017	0.000017	0.000036	0.000012	0.000002	0.000003	0.000002	0.000143	0.000603	0.000023	0.000025	0.000783	0.087324
0.000248	0.000096	0.000088	0.000081	0.000076	0.000076	0.000068	0.000062	0.000025	0.000025	0.000057	0.000019	0.000003	0.000004	0.000003	0.000247	0.001108	0.000037	0.000040	0.001383	0.152704
0.000390	0.000144	0.000133	0.000123	0.000116	0.000116	0.000105	0.000096	0.000038	0.000038	0.000088	0.000028	0.000004	0.000006	0.000004	0.000418	0.001988	0.000059	0.000064	0.002392	0.251335
0.000606	0.000213	0.000199	0.000186	0.000175	0.000176	0.000159	0.000146	0.000056	0.000055	0.000135	0.000042	0.000005	0.000008	0.000005	0.000697	0.003485	0.000093	0.000099	0.004055	0.383901
0.000932	0.000313	0.000295	0.000279	0.000263	0.000265	0.000240	0.000222	0.000081	0.000081	0.000207	0.000063	0.000007	0.000011	0.000007	0.001143	0.005969	0.000144	0.000153	0.006739	0.538669
0.001416	0.000456	0.000434	0.000414	0.000392	0.000395	0.000359	0.000333	0.000118	0.000118	0.000312	0.000093	0.000009	0.000015	0.000009	0.001846	0.009983	0.000221	0.000234	0.010979	0.691822
0.002125	0.000658	0.000634	0.000610	0.000578	0.000584	0.000533	0.000496	0.000171	0.000170	0.000468	0.000135	0.000013	0.000020	0.000012	0.002934	0.016298	0.000337	0.000355	0.017534	0.817206
0.003154	0.000944	0.000919	0.000890	0.000846	0.000857	0.000782	0.000732	0.000245	0.000244	0.000694	0.000196	0.000017	0.000028	0.000016	0.004589	0.025955	0.000508	0.000532	0.027435	0.900585
0.004631	0.001344	0.001319	0.001287	0.001226	0.001246	0.001139	0.001071	0.000348	0.000348	0.001020	0.000283	0.000022	0.000038	0.000021	0.007064	0.040283	0.000758	0.000789	0.042012	0.946650
0.006724	0.001899	0.001880	0.001847	0.001762	0.001794	0.001643	0.001552	0.000493	0.000492	0.001485	0.000404	0.000030	0.000052	0.000028	0.010696	0.060875	0.001120	0.001160	0.062883	0.971577
0.009652	0.002662	0.002657	0.002626	0.002511	0.002562	0.002349	0.002228	0.000691	0.000691	0.002141	0.000573	0.000039	0.000070	0.000037	0.015929	0.089475	0.001639	0.001690	0.091856	0.988021
0.013687	0.003704	0.003724	0.003700	0.003545	0.003624	0.003329	0.003170	0.000964	0.000963	0.003060	0.000807	0.000052	0.000094	0.000049	0.023323	0.127783	0.002375	0.002439	0.130730	0.997606
0.019162	0.005114	0.005175	0.005168	0.004961	0.005081	0.004674	0.004469	0.001335	0.001334	0.004331	0.001128	0.000068	0.000125	0.000064	0.033558	0.177138	0.003409	0.003487	0.180978	0.997106
0.026457	0.007004	0.007131	0.007153	0.006878	0.007055	0.006501	0.006241	0.001835	0.001836	0.006072	0.001566	0.000089	0.000167	0.000084	0.047429	0.238158	0.004847	0.004939	0.243334	0.988646
0.035993	0.009518	0.009740	0.009807	0.009447	0.009705	0.008957	0.008633	0.002506	0.002507	0.008430	0.002158	0.000117	0.000222	0.000110	0.065814	0.310360	0.006825	0.006930	0.317380	0.980475
0.048213	0.012827	0.013187	0.013319	0.012851	0.013219	0.012222	0.011827	0.003399	0.003401	0.011589	0.002952	0.000152	0.000294	0.000143	0.089616	0.391904	0.009516	0.009633	0.401223	0.978026
0.063553	0.017143	0.017689	0.017912	0.017310	0.017828	0.016515	0.016043	0.004576	0.004580	0.015775	0.004009	0.000196	0.000387	0.000185	0.119685	0.479564	0.013137	0.013263	0.491430	0.977877
0.082392	0.022714	0.023506	0.023850	0.023082	0.023799	0.022093	0.021544	0.006118	0.006125	0.021255	0.005403	0.000253	0.000507	0.000239	0.156701	0.568999	0.017954	0.018084	0.583317	0.972977
0.104988	0.029826	0.030935	0.031432	0.030464	0.031442	0.029254	0.028633	0.008121	0.008131	0.028342	0.007229	0.000326	0.000661	0.000308	0.201054	0.655355	0.024286	0.024413	0.671606	0.962387
0.131431	0.038805	0.040308	0.040994	0.039787	0.041101	0.038332	0.037657	0.010701	0.010716	0.037393	0.009598	0.000417	0.000859	0.000395	0.252711	0.734055	0.032505	0.032622	0.751331	0.952609
0.161600	0.050007	0.051985	0.052897	0.051407	0.053146	0.049694	0.048994	0.013997	0.014018	0.048804	0.012648	0.000533	0.001112	0.000504	0.311112	0.801640	0.043035	0.043134	0.818788	0.948985
0.195118	0.063811	0.066346	0.067514	0.065695	0.067965	0.063723	0.063045	0.018169	0.018199	0.062994	0.016538	0.000677	0.001433	0.000642	0.375117	0.856326	0.056343	0.056418	0.872216	0.948617
0.231351	0.080600	0.083769	0.085218	0.083023	0.085941	0.080810	0.080217	0.023406	0.023447	0.080395	0.021456	0.000859	0.001838	0.000814	0.443020	0.898211	0.072924	0.072970	0.911979	0.944304
0.269432	0.100747	0.104611	0.106355	0.103738	0.107436	0.101323	0.100902	0.029917	0.029973	0.101422	0.027615	0.001085	0.002348	0.001028	0.512651	0.928950	0.093275	0.093292	0.940172	0.934155
0.308326	0.124585	0.129184	0.131219	0.128138	0.132755	0.125590	0.125446	0.037937	0.038011	0.126448	0.035256	0.001365	0.002986	0.001295	0.581586	0.951063	0.117864	0.117859	0.959799	0.924064
0.346918	0.152371	0.157725	0.160026	0.156444	0.162126	0.153861	0.154119	0.047717	0.047815	0.155771	0.044641	0.001712	0.003781	0.001625	0.647377	0.967127	0.147092	0.147078	0.973773	0.919799
0.384121	0.184262	0.190363	0.192882	0.188772	0.195663	0.186286	0.187080	0.059525	0.059653	0.189571	0.056051	0.002139	0.004767	0.002032	0.707852	0.979114	0.181242	0.181242	0.984166	0.919344
0.418991	0.220287	0.227096	0.229758	0.225106	0.233338	0.222874	0.224347	0.073633	0.073797	0.227880	0.069776	0.002664	0.005984	0.002532	0.761371	0.988077	0.220435	0.220483	0.991892	0.915648
0.450816	0.260322	0.267764	0.270465	0.265273	0.274963	0.263477	0.265763	0.090307	0.090516	0.270546	0.086109	0.003305	0.007479	0.003145	0.807001	0.994333	0.264586	0.264719	0.996996	0.906034
0.479178	0.304064	0.312034	0.314647	0.308934	0.320170	0.307771	0.310984	0.109795	0.110060	0.317215	0.105325	0.004087	0.009305	0.003891	0.844565	0.997866	0.313364	0.313626	0.999167	0.895719
0.503951	0.351033	0.359397	0.361771	0.355577	0.368412	0.355242	0.359466	0.132314	0.132644	0.367316	0.127671	0.005035	0.011525	0.004797	0.874585	0.998840	0.366172	0.366608	0.998447	0.890813
0.525283	0.400572	0.409174	0.411145	0.404531	0.418976	0.405207	0.410478	0.158029	0.158435	0.420076	0.153346	0.006181	0.014210	0.005894	0.898094	0.997898	0.422151	0.422802	0.995522	0.890191
0.543522	0.451881	0.460550	0.461941	0.454987	0.471005	0.456827	0.463130	0.187037	0.187530	0.474543	0.182480	0.007561	0.017441	0.007215	0.916364	0.996104	0.480207	0.481102	0.991680	0.887055
0.559119	0.504044	0.512594	0.513239	0.506045	0.523547	0.509153	0.516408	0.219353	0.219943	0.529633	0.215117	0.009215	0.021306	0.008801	0.930651	0.994603	0.539056	0.540214	0.988312	0.878016
0.572538	0.556080	0.564331	0.564072	0.556748	0.575599	0.561183	0.569239	0.254892	0.255588	0.584193	0.251195	0.011189	0.025905	0.010697	0.941984	0.994165	0.597322	0.598739	0.986363	0.867565
0.584177	0.606992	0.614782	0.613482	0.606148	0.626174	0.611894	0.620561	0.293462	0.294269	0.637088	0.290537	0.013537	0.031348	0.012953	0.951047	0.994904	0.653615	0.655265	0.985913	0.862035
0.594350	0.655831	0.663040	0.660590	0.653367	0.674359	0.660355	0.669387	0.334755	0.335673	0.687253	0.332833	0.016317	0.037750	0.015627	0.958196	0.996269	0.706644	0.708485	0.986221	0.861172
0.603286	0.701766	0.708313	0.704638	0.697646	0.719372	0.705738	0.714876	0.378347	0.379371	0.733792	0.377652	0.019594	0.045237	0.018783	0.963562	0.997342	0.755324	0.757296	0.986114	0.858530
0.611147	0.744125	0.749977	0.745040	0.738387	0.760613	0.747406	0.756383	0.423713	0.424833	0.776031	0.424435	0.023440	0.053939	0.022492	0.967197	0.997308	0.798861	0.800886	0.984599	0.850094
0.618084	0.782443	0.787610	0.781407	0.775187	0.797683	0.784918	0.793499	0.470235	0.471432	0.813550	0.472525	0.027934	0.063990	0.026830	0.969241	0.995926	0.836787	0.838795	0.981387	0.839592
0.624272	0.816481	0.820999	0.813558	0.807846	0.830401	0.818066	0.826059	0.517229	0.518475	0.846203	0.521181	0.033160	0.075525	0.031882	0.969997	0.993617	0.869008	0.870931	0.977038	0.833466
0.629925	0.846211	0.850135	0.841506	0.836355	0.858795	0.846855	0.854122	0.563980	0.565236	0.874096	0.569614	0.039211	0.088676	0.037738	0.969944	0.991254	0.895775	0.897544	0.972674	0.832295
0.635277	0.871782	0.875183	0.865439	0.860880	0.883064	0.871470	0.877955	0.609765	0.610991	0.897550	0.617034	0.046182	0.103568	0.044492	0.969647	0.989756	0.917586	0.919172	0.969422	0.830073
0.640544	0.893507	0.896450	0.885679	0.881717	0.903540	0.892241	0.897959	0.653894	0.655043	0.917038	0.662679	0.054174	0.120315	0.052246	0.969615	0.989585	0.935146	0.936528	0.967846	0.822260
0.645882	0.911785	0.914330	0.902617	0.899245	0.920651	0.909606	0.914619	0.695757	0.696771	0.933114	0.705866	0.063292	0.139016	0.061103	0.970192	0.990544	0.949234	0.950419	0.967667	0.811791
0.651371	0.927059	0.929253	0.916688	0.913880	0.934835	0.924009	0.928437	0.734836	0.735657	0.946342	0.746024	0.073640	0.159746	0.071168	0.971438	0.991867	0.960611	0.961611	0.967899	0.805110
0.656995	0.939767	0.941649	0.928311	0.926037	0.946534	0.935912	0.939891	0.770741	0.771316	0.957241	0.782727	0.085325	0.182554	0.082547	0.973147	0.992592	0.969911	0.970764	0.967355	0.803570
0.662655	0.950302	0.951899	0.937870	0.936093	0.956139	0.945710	0.949378	0.803221	0.803497	0.966234	0.815704	0.098446	0.207458	0.095342	0.974921	0.992083	0.977627	0.978366	0.965240	0.801690
0.668231	0.958999	0.960335	0.945683	0.944363	0.963974	0.953737	0.957212	0.832173	0.832105	0.973644	0.844857	0.113102	0.234437	0.109651	0.976337	0.990296	0.984049	0.984708	0.961563	0.794508
0.673625	0.966116	0.967221	0.952007	0.951118	0.970303	0.960254	0.963625	0.857625	0.857179	0.979673	0.870243	0.129380	0.263431	0.125565	0.977067	0.987864	0.989323	0.989920	0.957112	0.784156
0.678804	0.971858	0.972758	0.957043	0.956559	0.975315	0.965463	0.968778	0.879733	0.878884	0.984470	0.892059	0.147356	0.294336	0.143161	0.977028	0.985711	0.993459	0.993992	0.953068	0.776964
0.683811	0.976394	0.977122	0.960959	0.960856	0.979193	0.969520	0.972786	0.898743	0.897479	0.988117	0.910606	0.167092	0.327003	0.162506	0.976398	0.984648	0.996431	0.996888	0.950408	0.775005
0.688748	0.979863	0.980458	0.963902	0.964159	0.982062	0.972553	0.975760	0.914968	0.913290	0.990705	0.926262	0.188630	0.361236	0.183644	0.975553	0.984919	0.998225	0.998588	0.949396	0.773391
0.693756	0.982406	0.982915	0.966012	0.966621	0.984087	0.974715	0.977832	0.928754	0.926676	0.992348	0.939431	0.211990	0.396796	0.206602	0.974939	0.986104	0.998887	0.999127	0.949484	0.766835
0.698959	0.984183	0.984649	0.967438	0.968396	0.985410	0.976151	0.979152	0.940441	0.937986	0.993203	0.950510	0.237168	0.433407	0.231380	0.974931	0.987323	0.998587	0.998668	0.949560	0.756675
0.704415	0.985366	0.985836	0.968357	0.969651	0.986211	0.977047	0.979917	0.950356	0.947548	0.993469	0.959860	0.264133	0.470755	0.257953	0.975689	0.987668	0.997569	0.997482	0.948525	0.749024
0.710098	0.986141	0.986650	0.968937	0.970550	0.986677	0.977578	0.980339	0.958767	0.955647	0.993394	0.967780	0.292822	0.508501	0.286264	0.977118	0.986684	0.996175	0.995900	0.945852	0.746607
0.715910	0.986688	0.987267	0.969338	0.971271	0.986973	0.977931	0.980624	0.965901	0.962500	0.993210	0.974500	0.323141	0.546285	0.316225	0.978864	0.984588	0.994750	0.994301	0.941829	0.745180
0.721723	0.987166	0.987831	0.969707	0.971936	0.987241	0.978264	0.980954	0.971923	0.968274	0.993121	0.980176	0.354964	0.583744	0.347719	0.980492	0.982136	0.993602	0.992981	0.937437	0.739236
0.727410	0.987696	0.988447	0.970145	0.972661	0.987599	0.978698	0.981449	0.976954	0.973083	0.993270	0.984900	0.388131	0.620513	0.380590	0.981593	0.980298	0.992953	0.992189	0.933832	0.729334
0.732890	0.988337	0.989176	0.970704	0.973495	0.988092	0.979281	0.982183	0.981080	0.977007	0.993722	0.988736	0.422453	0.656250	0.414658	0.981936	0.979699	0.992875	0.992007	0.931775	0.721287
0.738167	0.989102	0.990019	0.971384	0.974443	0.988719	0.980019	0.983118	0.984361	0.980104	0.994440	0.991723	0.457710	0.690631	0.449710	0.981559	0.980361	0.993319	0.992363	0.931243	0.718390
0.743327	0.989947	0.990932	0.972141	0.975444	0.989427	0.980855	0.984179	0.986871	0.982434	0.995339	0.993896	0.493655	0.723371	0.485506	0.980747	0.981664	0.994084	0.993062	0.931449	0.717068
0.748508	0.990790	0.991843	0.972898	0.976460	0.990133	0.981706	0.985247	0.988680	0.984071	0.996255	0.995314	0.530025	0.754237	0.521782	0.979936	0.982667	0.994914	0.993819	0.931237	0.711709
0.753841	0.991542	0.992662	0.973573	0.977377	0.990746	0.982457	0.986191	0.989888	0.985103	0.997019	0.996080	0.566535	0.783034	0.558264	0.979567	0.982578	0.995516	0.994342	0.929664	0.702127
0.759420	0.992120	0.993320	0.974093	0.978148	0.991183	0.983031	0.986897	0.990614	0.985658	0.997508	0.996316	0.602892	0.809644	0.594662	0.979913	0.981150	0.995645	0.994380	0.926480	0.693753
0.765263	0.992477	0.993775	0.974414	0.978722	0.991407	0.983376	0.987291	0.990996	0.985867	0.997629	0.996188	0.638804	0.833991	0.630680	0.981021	0.978837	0.995164	0.993770	0.922249	0.690355
0.771305	0.992612	0.994020	0.974526	0.979104	0.991427	0.983484	0.987396	0.991181	0.985878	0.997384	0.995870	0.673978	0.856063	0.666028	0.982654	0.976497	0.994073	0.992526	0.918056	0.689062
0.777410	0.992557	0.994098	0.974483	0.979337	0.991266	0.983396	0.987267	0.991306	0.985843	0.996862	0.995515	0.708134	0.875903	0.700430	0.984408	0.975039	0.992487	0.990763	0.914970	0.684250
0.783426	0.992396	0.994080	0.974347	0.979481	0.991012	0.983210	0.987011	0.991488	0.985881	0.996173	0.995287	0.741013	0.893592	0.733612	0.985830	0.974906	0.990644	0.988730	0.913498	0.675044
0.789241	0.992233	0.994067	0.974215	0.979629	0.990767	0.983024	0.986776	0.991822	0.986079	0.995521	0.995275	0.772374	0.909267	0.765344	0.986573	0.975880	0.988837	0.986730	0.913334	0.666411
0.794824	0.992165	0.994143	0.974176	0.979870	0.990629	0.982955	0.986694	0.992346	0.986489	0.995048	0.995542	0.802009	0.923081	0.795401	0.986538	0.977186	0.987337	0.985056	0.913514	0.662507
0.800229	0.992273	0.994389	0.974301	0.980273	0.990669	0.983077	0.986872	0.993049	0.987109	0.994879	0.996072	0.829740	0.935217	0.823619	0.985901	0.977881	0.986366	0.983934	0.912906	0.661168
0.805585	0.992592	0.994822	0.974617	0.980863	0.990924	0.983431	0.987349	0.993898	0.987897	0.995078	0.996803	0.855438	0.945842	0.849841	0.985018	0.977325	0.986021	0.983459	0.910781	0.656865
0.811048	0.993113	0.995443	0.975122	0.981633	0.991368	0.984004	0.988108	0.994821	0.988775	0.995620	0.997652	0.879008	0.955139	0.873959	0.984353	0.975514	0.986253	0.983597	0.907173	0.648077
0.816757	0.993782	0.996189	0.975749	0.982533	0.991956	0.984734	0.989056	0.995713	0.989646	0.996401	0.998466	0.900383	0.963268	0.895915	0.984296	0.973074	0.986899	0.984164	0.902870	0.639257
0.822764	0.994510	0.996981	0.976437	0.983488	0.992593	0.985524	0.990064	0.996478	0.990405	0.997275	0.999130	0.919544	0.970371	0.915670	0.985023	0.970941	0.987702	0.984898	0.899003	0.634851
0.829022	0.995195	0.997710	0.977080	0.984401	0.993179	0.986264	0.990997	0.997059	0.990983	0.998060	0.999548	0.936502	0.976558	0.933216	0.986430	0.969891	0.988363	0.985484	0.896486	0.633400
0.835403	0.995741	0.998279	0.977592	0.985193	0.993620	0.986856	0.991724	0.997370	0.991322	0.998606	0.999618	0.951291	0.981946	0.948576	0.988185	0.970141	0.988626	0.985657	0.895547	0.629554
0.841745	0.996083	0.998636	0.977927	0.985805	0.993851	0.987229	0.992165	0.997437	0.991406	0.998789	0.999363	0.963966	0.986574	0.961831	0.989822	0.971265	0.988314	0.985226	0.895622	0.621217
0.847899	0.996205	0.998738	0.978064	0.986227	0.993871	0.987369	0.992287	0.997249	0.991275	0.998605	0.998791	0.974620	0.990500	0.972985	0.990933	0.972374	0.987377	0.984137	0.895638	0.612281
0.853793	0.996130	0.998616	0.978039	0.986482	0.993699	0.987313	0.992142	0.996900	0.990981	0.998075	0.998012	0.983303	0.993748	0.982141	0.991292	0.972572	0.985907	0.982496	0.894555	0.607390
0.859451	0.995935	0.998342	0.977920	0.986631	0.993414	0.987136	0.991829	0.996470	0.990633	0.997352	0.997130	0.990126	0.996324	0.989361	0.990925	0.971428	0.984107	0.980515	0.891894	0.605767
0.864950	0.995714	0.997996	0.977822	0.986759	0.993105	0.986951	0.991484	0.996045	0.990331	0.996600	0.996276	0.995135	0.998226	0.994696	0.990126	0.969174	0.982260	0.978476	0.887979	0.602321
0.870426	0.995567	0.997685	0.977843	0.986949	0.992890	0.986871	0.991250	0.995748	0.990177	0.995971	0.995571	0.998405	0.999441	0.998215	0.989354	0.966605	0.980649	0.976685	0.883767	0.594506
0.876024	0.995577	0.997483	0.978089	0.987273	0.992837	0.986992	0.991232	0.995624	0.990252	0.995627	0.995113	0.999994	0.999993	0.999967	0.989057	0.964657	0.979513	0.975391	0.880370	0.585792
0.881812	0.995790	0.997428	0.978603	0.987761	0.993006	0.987360	0.991493	0.995723	0.990607	0.995636	0.994959	0.999932	0.999834	0.999943	0.989530	0.963956	0.978980	0.974731	0.878491	0.581020
0.887769	0.996208	0.997530	0.979385	0.988425	0.993390	0.987975	0.992025	0.996035	0.991246	0.995993	0.995079	0.998145	0.998990	0.998139	0.990788	0.964496	0.979050	0.974701	0.878076	0.580029
0.893775	0.996774	0.997752	0.980400	0.989214	0.993954	0.988787	0.992768	0.996520	0.992112	0.996628	0.995430	0.994702	0.997470	0.994577	0.992616	0.965635	0.979590	0.975162	0.878337	0.577980
0.899690	0.997382	0.998007	0.981574	0.990056	0.994602	0.989705	0.993595	0.997105	0.993141	0.997392	0.995924	0.989527	0.995267	0.989191	0.994599	0.966442	0.980359	0.975870	0.878162	0.571963
0.905370	0.997890	0.998206	0.982797	0.990863	0.995249	0.990617	0.994357	0.997695	0.994224	0.998125	0.996420	0.982540	0.992413	0.981930	0.996272	0.966147	0.981067	0.976512	0.876711	0.564802
0.910632	0.998197	0.998271	0.983959	0.991557	0.995778	0.991410	0.994930	0.998182	0.995277	0.998657	0.996798	0.973685	0.988890	0.972725	0.997274	0.964536	0.981444	0.976803	0.873798	0.561225
0.915265	0.998234	0.998143	0.984980	0.992077	0.996133	0.992006	0.995222	0.998490	0.996165	0.998870	0.996944	0.962880	0.984702	0.961523	0.997483	0.962061	0.981291	0.976525	0.870007	0.561566
0.919329	0.997957	0.997801	0.985815	0.992395	0.996268	0.992368	0.995198	0.998552	0.996844	0.998703	0.996769	0.950042	0.979829	0.948256	0.997034	0.959602	0.980532	0.975575	0.866402	0.561271
0.922908	0.997391	0.997272	0.986468	0.992533	0.996211	0.992516	0.994895	0.998356	0.997257	0.998220	0.996260	0.935106	0.974226	0.932859	0.996255	0.958043	0.979208	0.974016	0.863973	0.556817
0.926164	0.996593	0.996629	0.986990	0.992551	0.996017	0.992517	0.994416	0.997912	0.997435	0.997496	0.995443	0.918013	0.967816	0.915290	0.995594	0.957805	0.977490	0.972052	0.863133	0.550297
0.929180	0.995653	0.995965	0.987452	0.992529	0.995783	0.992470	0.993897	0.997293	0.997383	0.996703	0.994390	0.898723	0.960513	0.895527	0.995422	0.958652	0.975629	0.969955	0.863524	0.546530
0.932015	0.994709	0.995389	0.987932	0.992566	0.995601	0.992485	0.993495	0.996566	0.997195	0.996026	0.993228	0.877230	0.952192	0.873564	0.995888	0.959798	0.973913	0.968029	0.864191	0.546634
0.934740	0.993857	0.994965	0.988514	0.992728	0.995563	0.992654	0.993322	0.995854	0.996960	0.995600	0.992096	0.853559	0.942704	0.849449	0.996934	0.960305	0.972605	0.966533	0.864067	0.546568
0.937237	0.993148	0.994788	0.989245	0.993082	0.995728	0.993046	0.993475	0.995249	0.996777	0.995550	0.991100	0.827770	0.931895	0.823243	0.998233	0.959569	0.971874	0.965642	0.862469	0.542545
0.939446	0.992575	0.994819	0.990151	0.993639	0.996114	0.993668	0.993963	0.994819	0.996713	0.995873	0.990370	0.799960	0.919578	0.795051	0.999377	0.957595	0.971751	0.965394	0.859484	0.536074
0.941260	0.992094	0.995061	0.991192	0.994351	0.996676	0.994483	0.994738	0.994605	0.996807	0.996508	0.989958	0.770264	0.905581	0.765026	0.999986	0.955027	0.972143	0.965688	0.855899	0.531925
0.942672	0.991619	0.995406	0.992304	0.995166	0.997361	0.995392	0.995668	0.994634	0.997095	0.997343	0.989859	0.738866	0.889732	0.733333	0.999819	0.952804	0.972834	0.966303	0.852828	0.531747
0.943857	0.991044	0.995784	0.993422	0.995992	0.998054	0.996299	0.996626	0.994823	0.997495	0.998194	0.990025	0.705964	0.871879	0.700186	0.998927	0.951688	0.973546	0.966943	0.851140	0.531912
0.945016	0.990292	0.996067	0.994430	0.996719	0.998645	0.997083	0.997449	0.995105	0.997922	0.998882	0.990342	0.671797	0.851895	0.665828	0.997617	0.951881	0.974001	0.967300	0.851024	0.528359
0.946355	0.989294	0.996211	0.995270	0.997311	0.999078	0.997664	0.998019	0.995347	0.998293	0.999288	0.990648	0.636627	0.829697	0.630517	0.996304	0.952933	0.973963	0.967149	0.851903	0.522018
0.948033	0.988013	0.996145	0.995903	0.997690	0.999276	0.997999	0.998283	0.995405	0.998436	0.999333	0.990777	0.600734	0.805242	0.594537	0.995395	0.953952	0.973310	0.966353	0.852711	0.517520
0.950117	0.986480	0.995880	0.996338	0.997880	0.999269	0.998088	0.998244	0.995131	0.998213	0.998984	0.990551	0.564411	0.778548	0.558181	0.995175	0.954069	0.972056	0.964942	0.852425	0.517026
0.952541	0.984765	0.995466	0.996586	0.997916	0.999088	0.997985	0.997965	0.994376	0.997494	0.998363	0.989802	0.527948	0.749688	0.521734	0.995673	0.952869	0.970347	0.963047	0.850585	0.517358
0.955153	0.982963	0.994971	0.996741	0.997870	0.998803	0.997804	0.997557	0.993033	0.996164	0.997610	0.988407	0.491635	0.718788	0.485488	0.996662	0.950601	0.968413	0.960920	0.847521	0.514274
0.957733	0.981172	0.994478	0.996872	0.997836	0.998529	0.997621	0.997193	0.990990	0.994107	0.996887	0.986280	0.455757	0.686035	0.449722	0.997743	0.948049	0.966547	0.958859	0.844178	0.508109
0.960101	0.979480	0.994077	0.997086	0.997854	0.998329	0.997541	0.996968	0.988186	0.991263	0.996326	0.983360	0.420575	0.651672	0.414695	0.998487	0.946143	0.965014	0.957130	0.841645	0.503305
0.962146	0.977926	0.993796	0.997384	0.998004	0.998278	0.997621	0.996990	0.984547	0.987564	0.996082	0.979616	0.386336	0.615977	0.380647	0.998580	0.945487	0.963986	0.955929	0.840604	0.502463
0.963894	0.976500	0.993648	0.997806	0.998246	0.998361	0.997853	0.997257	0.980021	0.982948	0.996126	0.975014	0.353255	0.579273	0.347791	0.997929	0.946051	0.963530	0.955314	0.840989	0.502909
0.965459	0.975134	0.993551	0.998267	0.998551	0.998533	0.998192	0.997711	0.974517	0.977339	0.996437	0.969508	0.321523	0.541907	0.316312	0.996715	0.947194	0.963560	0.955197	0.842016	0.500279
0.967049	0.973724	0.993412	0.998698	0.998824	0.998683	0.998510	0.998217	0.967918	0.970604	0.996840	0.963004	0.291297	0.504236	0.286360	0.995303	0.947982	0.963866	0.955359	0.842583	0.494341
0.968848	0.972112	0.993085	0.998960	0.998893	0.998659	0.998635	0.998582	0.960049	0.962582	0.997133	0.955348	0.262702	0.466627	0.258056	0.994140	0.947657	0.964126	0.955484	0.841820	0.489269
0.970975	0.970118	0.992377	0.998857	0.998611	0.998281	0.998392	0.998587	0.950688	0.953045	0.997074	0.946306	0.235833	0.429433	0.231489	0.993572	0.946031	0.964019	0.955220	0.839526	0.488063
0.973444	0.967555	0.991124	0.998228	0.997786	0.997386	0.997578	0.998010	0.939547	0.941705	0.996428	0.935575	0.210748	0.392993	0.206713	0.993747	0.943560	0.963205	0.954239	0.836270	0.488567
0.976136	0.964258	0.989143	0.996903	0.996247	0.995791	0.996021	0.996661	0.926293	0.928231	0.994983	0.922792	0.187482	0.357618	0.183755	0.994550	0.941138	0.961449	0.952293	0.833104	0.486372
0.978867	0.960070	0.986275	0.994714	0.993839	0.993326	0.993554	0.994376	0.910560	0.912263	0.992583	0.907538	0.166036	0.323584	0.162616	0.995640	0.939625	0.958608	0.949242	0.831031	0.480702
0.981422	0.954852	0.982378	0.991494	0.990397	0.989842	0.990041	0.991033	0.891989	0.893435	0.989121	0.889403	0.146390	0.291126	0.143269	0.996580	0.939423	0.954632	0.945044	0.830510	0.475411
0.983660	0.948468	0.977291	0.987100	0.985767	0.985202	0.985339	0.986536	0.870247	0.871426	0.984520	0.867995	0.128499	0.260437	0.125668	0.996983	0.940276	0.949544	0.939740	0.831211	0.473829
0.985532	0.940755	0.970861	0.981345	0.979769	0.979232	0.979292	0.980758	0.845064	0.845969	0.978689	0.843000	0.112303	0.231665	0.109750	0.996646	0.941396	0.943397	0.933385	0.832196	0.474336
0.987114	0.931519	0.962861	0.974010	0.972184	0.971724	0.971693	0.973552	0.816274	0.816900	0.971497	0.814210	0.097727	0.204908	0.095435	0.995621	0.941859	0.936177	0.925993	0.832383	0.472554
0.988570	0.920506	0.953030	0.964817	0.962732	0.962429	0.962272	0.964678	0.783835	0.784179	0.962736	0.781555	0.084680	0.180228	0.082634	0.994203	0.941074	0.927763	0.917448	0.831096	0.467187
0.990088	0.907394	0.941032	0.953432	0.951081	0.950996	0.950685	0.953812	0.747840	0.747910	0.952079	0.745129	0.073067	0.157638	0.071248	0.992803	0.939077	0.917875	0.907482	0.828393	0.461727
0.991791	0.891804	0.926472	0.939459	0.936820	0.937021	0.936505	0.940525	0.708538	0.708346	0.939089	0.705195	0.062784	0.137121	0.061177	0.991819	0.936521	0.906054	0.895642	0.825054	0.459765
0.993705	0.873317	0.908912	0.922449	0.919519	0.920063	0.919260	0.924321	0.666322	0.665886	0.923245	0.662184	0.053727	0.118624	0.052313	0.991471	0.934328	0.891683	0.881313	0.822168	0.460225
0.995693	0.851515	0.887908	0.901957	0.898729	0.899656	0.898467	0.904655	0.621715	0.621058	0.903953	0.616667	0.045790	0.102068	0.044553	0.991722	0.933254	0.874040	0.863760	0.820600	0.458820
0.997491	0.826017	0.863052	0.877568	0.874037	0.875358	0.873673	0.880999	0.575348	0.574497	0.880652	0.569334	0.038869	0.087356	0.037792	0.992253	0.933470	0.852385	0.842248	0.820547	0.453790
0.998731	0.796539	0.834026	0.848947	0.845126	0.846830	0.844517	0.852915	0.527920	0.526910	0.852839	0.520947	0.032864	0.074371	0.031930	0.992564	0.934514	0.826056	0.816105	0.821449	0.448212
0.999044	0.762934	0.800648	0.815901	0.811807	0.813844	0.810802	0.820104	0.480177	0.479042	0.820184	0.472310	0.027677	0.062988	0.026873	0.992086	0.935495	0.794568	0.784846	0.822260	0.445874
0.998065	0.725239	0.762918	0.778406	0.774069	0.776373	0.772504	0.782483	0.432857	0.431632	0.782572	0.424217	0.023219	0.053074	0.022529	0.990318	0.935557	0.757712	0.748251	0.821985	0.446234
0.995470	0.683694	0.721042	0.736649	0.732114	0.734599	0.729839	0.740204	0.386664	0.385384	0.740140	0.377416	0.019404	0.044495	0.018816	0.986942	0.934301	0.715592	0.706433	0.820164	0.445174
0.990983	0.638743	0.675440	0.691030	0.686351	0.688917	0.683249	0.693678	0.342237	0.340936	0.693307	0.332574	0.016155	0.037117	0.015655	0.981785	0.931990	0.668662	0.659843	0.817110	0.440506
0.984241	0.591029	0.626735	0.642156	0.637398	0.639943	0.633401	0.643576	0.300121	0.298830	0.642765	0.290250	0.013399	0.030811	0.012977	0.974767	0.929402	0.617702	0.609268	0.813744	0.434862
0.974795	0.541350	0.575726	0.590813	0.586046	0.588473	0.581144	0.590763	0.260756	0.259502	0.589424	0.250886	0.011073	0.025453	0.010717	0.965733	0.927432	0.563759	0.555760	0.811109	0.432156
0.962031	0.490612	0.523334	0.537921	0.533213	0.535442	0.527463	0.536275	0.224464	0.223268	0.534359	0.214789	0.009116	0.020927	0.008818	0.954303	0.926619	0.508069	0.500555	0.809841	0.432372
0.945144	0.439782	0.470550	0.484474	0.479896	0.481864	0.473404	0.481219	0.191446	0.190326	0.478736	0.182142	0.007478	0.017125	0.007230	0.939771	0.926852	0.451958	0.444977	0.809819	0.431618
0.923201	0.389808	0.418372	0.431481	0.427100	0.428767	0.420026	0.426727	0.161796	0.160763	0.423724	0.153006	0.006112	0.013948	0.005906	0.921077	0.927366	0.396738	0.390335	0.810181	0.427329
0.895256	0.341581	0.367748	0.379916	0.375786	0.377131	0.368320	0.373860	0.135501	0.134565	0.370430	0.127336	0.004978	0.011310	0.004807	0.896933	0.927059	0.343613	0.337823	0.809699	0.421668
0.860440	0.295880	0.319517	0.330647	0.326813	0.327835	0.319164	0.323564	0.112466	0.111630	0.319820	0.105003	0.004039	0.009129	0.003899	0.866043	0.924927	0.293612	0.288457	0.807294	0.418611
0.818220	0.253334	0.274381	0.284405	0.280898	0.281618	0.273276	0.276609	0.092525	0.091788	0.272684	0.085805	0.003266	0.007336	0.003151	0.827362	0.920393	0.247528	0.243015	0.802437	0.418645
0.768586	0.214404	0.232868	0.241755	0.238595	0.239045	0.231192	0.233574	0.075459	0.074817	0.229599	0.069496	0.002631	0.005869	0.002538	0.780366	0.913344	0.205908	0.202027	0.795211	0.418151
0.712092	0.179372	0.195329	0.203082	0.200276	0.200497	0.193259	0.194828	0.061015	0.060465	0.190926	0.055796	0.002112	0.004675	0.002037	0.725246	0.903851	0.169040	0.165767	0.785994	0.414251
0.649880	0.148358	0.161938	0.168592	0.166135	0.166171	0.159634	0.160541	0.048923	0.048455	0.156818	0.044413	0.001690	0.003707	0.001629	0.662980	0.891683	0.136985	0.134279	0.774893	0.408626
0.583595	0.121329	0.132709	0.138325	0.136203	0.136099	0.130310	0.130703	0.038905	0.038512	0.127239	0.035056	0.001347	0.002927	0.001298	0.595275	0.875884	0.109608	0.107419	0.761240	0.405241
0.515247	0.098131	0.107519	0.112178	0.110370	0.110167	0.105137	0.105153	0.030688	0.030361	0.102007	0.027442	0.001070	0.002302	0.001031	0.524374	0.854630	0.086623	0.084891	0.743392	0.405056
0.446969	0.078510	0.086134	0.089932	0.088412	0.088147	0.083856	0.083614	0.024015	0.023746	0.080817	0.021307	0.000847	0.001802	0.000815	0.452803	0.825514	0.067636	0.066300	0.718996	0.404777
0.380811	0.062148	0.068242	0.071285	0.070021	0.069726	0.066128	0.065728	0.018647	0.018428	0.063292	0.016413	0.000668	0.001404	0.000643	0.383071	0.786176	0.052196	0.051192	0.685635	0.401270
0.318560	0.048690	0.053484	0.055876	0.054840	0.054537	0.051571	0.051089	0.014368	0.014191	0.049008	0.012543	0.000525	0.001090	0.000505	0.317402	0.735079	0.039826	0.039093	0.641651	0.395727
0.261627	0.037764	0.041475	0.043321	0.042481	0.042187	0.039782	0.039276	0.010988	0.010846	0.037529	0.009512	0.000411	0.000842	0.000396	0.257544	0.672160	0.030053	0.029536	0.586818	0.392036
0.210968	0.029006	0.031831	0.033228	0.032554	0.032282	0.030362	0.029871	0.008341	0.008228	0.028428	0.007159	0.000321	0.000648	0.000309	0.204659	0.599106	0.022437	0.022086	0.522639	0.391587
0.167067	0.022070	0.024185	0.025220	0.024686	0.024442	0.022931	0.022480	0.006285	0.006196	0.021307	0.005347	0.000250	0.000497	0.000240	0.159308	0.519175	0.016578	0.016351	0.452153	0.391440
0.129972	0.016639	0.018195	0.018946	0.018527	0.018314	0.017142	0.016745	0.004703	0.004633	0.015804	0.003964	0.000193	0.000379	0.000186	0.121510	0.436636	0.012125	0.011988	0.379358	0.388242
0.099377	0.012434	0.013559	0.014090	0.013765	0.013584	0.012687	0.012347	0.003493	0.003439	0.011603	0.002917	0.000149	0.000288	0.000143	0.090851	0.355986	0.008781	0.008706	0.308429	0.382648
0.074719	0.009213	0.010010	0.010377	0.010126	0.009975	0.009298	0.009016	0.002577	0.002535	0.008434	0.002130	0.000115	0.000218	0.000110	0.066618	0.281209	0.006297	0.006264	0.242992	0.378318
0.055275	0.006769	0.007323	0.007569	0.007378	0.007254	0.006749	0.006519	0.001887	0.001855	0.006071	0.001545	0.000088	0.000164	0.000085	0.047932	0.215227	0.004473	0.004466	0.185619	0.376885
0.040258	0.004933	0.005310	0.005469	0.005325	0.005225	0.004852	0.004669	0.001373	0.001348	0.004327	0.001112	0.000067	0.000123	0.000065	0.033856	0.159663	0.003147	0.003155	0.137638	0.375550
0.028883	0.003566	0.003817	0.003915	0.003808	0.003729	0.003456	0.003313	0.000992	0.000973	0.003055	0.000794	0.000051	0.000092	0.000049	0.023488	0.114883	0.002194	0.002208	0.099222	0.370441
0.020426	0.002558	0.002720	0.002778	0.002698	0.002636	0.002439	0.002329	0.000711	0.000697	0.002136	0.000563	0.000039	0.000068	0.000037	0.016012	0.080252	0.001514	0.001532	0.069668	0.361090
0.014246	0.001820	0.001923	0.001953	0.001895	0.001847	0.001706	0.001622	0.000507	0.000496	0.001480	0.000397	0.000029	0.000051	0.000028	0.010731	0.054484	0.001036	0.001053	0.047736	0.349907
0.009804	0.001286	0.001348	0.001361	0.001319	0.001282	0.001183	0.001120	0.000359	0.000351	0.001015	0.000277	0.000022	0.000037	0.000021	0.007073	0.035992	0.000702	0.000717	0.031981	0.337126
0.006660	0.000901	0.000937	0.000941	0.000910	0.000883	0.000812	0.000766	0.000252	0.000246	0.000690	0.000192	0.000017	0.000027	0.000016	0.004585	0.023161	0.000471	0.000484	0.020986	0.317877
0.004467	0.000626	0.000646	0.000644	0.000623	0.000602	0.000553	0.000519	0.000176	0.000172	0.000465	0.000132	0.000012	0.000020	0.000012	0.002925	0.014533	0.000313	0.000323	0.013506	0.285649
0.002960	0.000432	0.000442	0.000437	0.000422	0.000407	0.000373	0.000349	0.000122	0.000119	0.000310	0.000091	0.000009	0.000015	0.000009	0.001836	0.008901	0.000206	0.000214	0.008533	0.238933
0.001937	0.000296	0.000299	0.000295	0.000284	0.000273	0.000250	0.000232	0.000084	0.000082	0.000205	0.000061	0.000007	0.000011	0.000007	0.001134	0.005324	0.000134	0.000140	0.005294	0.183663
0.001252	0.000201	0.000201	0.000197	0.000189	0.000181	0.000165	0.000153	0.000057	0.000056	0.000134	0.000041	0.000005	0.000008	0.000005	0.000689	0.003112	0.000086	0.000091	0.003226	0.129574
0.000800	0.000135	0.000134	0.000130	0.000125	0.000119	0.000109	0.000100	0.000039	0.000038	0.000087	0.000028	0.000004	0.000005	0.000004	0.000412	0.001778	0.000055	0.000058	0.001929	0.084642
0.000504	0.000090	0.000089	0.000085	0.000082	0.000078	0.000071	0.000065	0.000026	0.000025	0.000056	0.000018	0.000003	0.000004	0.000003	0.000243	0.000993	0.000035	0.000037	0.001132	0.052044
0.000314	0.000060	0.000058	0.000055	0.000053	0.000050	0.000046	0.000042	0.000018	0.000017	0.000036	0.000012	0.000002	0.000003	0.000002	0.000141	0.000542	0.000022	0.000023	0.000651	0.030733
0.000193	0.000039	0.000038	0.000036	0.000034	0.000032	0.000029	0.000026	0.000012	0.000011	0.000022	0.000008	0.000001	0.000002	0.000001	0.000080	0.000289	0.000013	0.000015	0.000367	0.017723
0.000117	0.000026	0.000024	0.000023	0.000022	0.000021	0.000018	0.000017	0.000008	0.000007	0.000014	0.000005	0.000001	0.000001	0.000001	0.000045	0.000151	0.000008	0.000009	0.000202	0.010046
0.000070	0.000017	0.000016	0.000014	0.000014	0.000013	0.000012	0.000010	0.000005	0.000005	0.000009	0.000003	0.000001	0.000001	0.000001	0.000025	0.000077	0.000005	0.000005	0.000109	0.005573
0.000042	0.000011	0.000010	0.000009	0.000009	0.000008	0.000007	0.000006	0.000003	0.000003	0.000005	0.000002	0.000001	0.000001	0.000001	0.000013	0.000038	0.000003	0.000003	0.000057	0.002996
0.000024	0.000007	0.000006	0.000006	0.000005	0.000005	0.000004	0.000004	0.000002	0.000002	0.000003	0.000001	0.000000	0.000000	0.000000	0.000007	0.000018	0.000002	0.000002	0.000029	0.001546
0.000014	0.000004	0.000004	0.000003	0.000003	0.000003	0.000003	0.000002	0.000001	0.000001	0.000002	0.000001	0.000000	0.000000	0.000000	0.000004	0.000009	0.000001	0.000001	0.000015	0.000760
0.000008	0.000003	0.000002	0.000002	0.000002	0.000002	0.000002	0.000001	0.000001	0.000001	0.000001	0.000001	0.000000	0.000000	0.000000	0.000002	0.000004	0.000001	0.000001	0.000007	0.000354
0.000004	0.000002	0.000001	0.000001	0.000001	0.000001	0.000001	0.000001	0.000001	0.000001	0.000001	0.000000	0.000000	0.000000	0.000000	0.000001	0.000002	0.000000	0.000000	0.000003	0.000157
0.000002	0.000001	0.000001	0.000001	0.000001	0.000001	0.000001	0.000001	0.000000	0.000000	0.000000	0.000000	0.000000	0.000000	0.000000	0.000000	0.000001	0.000000	0.000000	0.000002	0.000065
0.000001	0.000001	0.000001	0.000000	0.000000	0.000000	0.000000	0.000000	0.000000	0.000000	0.000000	0.000000	0.000000	0.000000	0.000000	0.000000	0.000000	0.000000	0.000000	0.000001	0.000026
0.000001	0.000000	0.000000	0.000000	0.000000	0.000000	0.000000	0.000000	0.000000	0.000000	0.000000	0.000000	0.000000	0.000000	0.000000	0.000000	0.000000	0.000000	0.000000	0.000000	0.000010
0.000000	0.000000	0.000000	0.000000	0.000000	0.000000	0.000000	0.000000	0.000000	0.000000	0.000000	0.000000	0.000000	0.000000	0.000000	0.000000	0.000000	0.000000	0.000000	0.000000	0.000003
0.000000	0.000000	0.000000	0.000000	0.000000	0.000000	0.000000	0.000000	0.000000	0.000000	0.000000	0.000000	0.000000	0.000000	0.000000	0.000000	0.000000	0.000000	0.000000	0.000000	0.000001
0.000000	0.000000	0.000000	0.000000	0.000000	0.000000	0.000000	0.000000	0.000000	0.000000	0.000000	0.000000	0.000000	0.000000	0.000000	0.000000	0.000000	0.000000	0.000000	0.000000	0.000000
