0.000000	0.000000	0.000000	0.000000	0.000000	0.000000	0.000000	0.000000	0.000000	0.000000	0.000000	0.000000	0.000000	0.000000	0.000000	0.000000	0.000000	0.000000	0.000000	0.000000	0.000000
0.000000	0.000000	0.000000	0.000000	0.000000	0.000000	0.000000	0.000000	0.000000	0.000000	0.000000	0.000000	0.000000	0.000000	0.000000	0.000000	0.000000	0.000000	0.000000	0.000000	0.000000
0.000000	0.000000	0.000000	0.000000	0.000000	0.000000	0.000000	0.000000	0.000000	0.000000	0.000000	0.000000	0.000000	0.000000	0.000000	0.000000	0.000000	0.000000	0.000000	0.000000	0.000000
0.000000	0.000000	0.000000	0.000000	0.000000	0.000000	0.000000	0.000000	0.000000	0.000000	0.000000	0.000000	0.000000	0.000000	0.000000	0.000000	0.000000	0.000000	0.000000	0.000000	0.000000
0.000000	0.000000	0.000000	0.000000	0.000000	0.000000	0.000000	0.000000	0.000000	0.000000	0.000000	0.000000	0.000000	0.000000	0.000000	0.000000	0.000000	0.000000	0.000000	0.000000	0.000001
0.000000	0.000000	0.000000	0.000000	0.000000	0.000000	0.000000	0.000000	0.000000	0.000000	0.000000	0.000000	0.000000	0.000000	0.000000	0.000000	0.000000	0.000000	0.000000	0.000000	0.000002
0.000000	0.000000	0.000000	0.000000	0.000000	0.000000	0.000000	0.000000	0.000000	0.000000	0.000000	0.000000	0.000000	0.000000	0.000000	0.000000	0.000000	0.000000	0.000000	0.000000	0.000010
0.000000	0.000000	0.000000	0.000000	0.000000	0.000000	0.000000	0.000000	0.000000	0.000000	0.000000	0.000000	0.000000	0.000000	0.000000	0.000000	0.000001	0.000000	0.000000	0.000001	0.000042
0.000000	0.000000	0.000000	0.000001	0.000001	0.000001	0.000000	0.000000	0.000000	0.000000	0.000000	0.000000	0.000000	0.000000	0.000000	0.000001	0.000003	0.000000	0.000000	0.000003	0.000156
0.000000	0.000000	0.000000	0.000001	0.000001	0.000001	0.000001	0.000000	0.000000	0.000000	0.000000	0.000000	0.000000	0.000000	0.000000	0.000001	0.000006	0.000000	0.000000	0.000006	0.000535
0.000000	0.000000	0.000001	0.000002	0.000002	0.000002	0.000001	0.000001	0.000000	0.000000	0.000001	0.000000	0.000000	0.000000	0.000000	0.000003	0.000014	0.000001	0.000001	0.000015	0.001687
0.000001	0.000000	0.000001	0.000003	0.000003	0.000003	0.000002	0.000002	0.000001	0.000001	0.000001	0.000000	0.000000	0.000000	0.000000	0.000006	0.000032	0.000001	0.000001	0.000033	0.004881
0.000001	0.000001	0.000003	0.000005	0.000006	0.000006	0.000004	0.000003	0.000001	0.000001	0.000002	0.000001	0.000000	0.000000	0.000000	0.000012	0.000070	0.000002	0.000002	0.000072	0.012904
0.000003	0.000002	0.000005	0.000009	0.000010	0.000010	0.000007	0.000005	0.000002	0.000002	0.000004	0.000001	0.000000	0.000000	0.000000	0.000024	0.000149	0.000004	0.000004	0.000153	0.031049
0.000005	0.000003	0.000008	0.000015	0.000016	0.000016	0.000011	0.000009	0.000003	0.000003	0.000007	0.000002	0.000000	0.000000	0.000000	0.000046	0.000307	0.000007	0.000007	0.000317	0.067713
0.000011	0.000005	0.000014	0.000025	0.000027	0.000027	0.000019	0.000015	0.000005	0.000005	0.000012	0.000004	0.000000	0.000001	0.000000	0.000087	0.000617	0.000013	0.000013	0.000637	0.133329
0.000021	0.000009	0.000023	0.000041	0.000044	0.000044	0.000032	0.000025	0.000008	0.000008	0.000021	0.000006	0.000001	0.000001	0.000001	0.000162	0.001204	0.000021	0.000021	0.001243	0.236333
0.000042	0.000016	0.000039	0.000067	0.000071	0.000072	0.000052	0.000041	0.000012	0.000012	0.000035	0.000010	0.000001	0.000001	0.000001	0.000296	0.002281	0.000036	0.000036	0.002358	0.376602
0.000079	0.000028	0.000065	0.000109	0.000114	0.000115	0.000085	0.000068	0.000019	0.000019	0.000059	0.000015	0.000001	0.000002	0.000001	0.000530	0.004195	0.000059	0.000060	0.004339	0.540116
0.000148	0.000048	0.000106	0.000173	0.000182	0.000184	0.000137	0.000112	0.000031	0.000030	0.000097	0.000024	0.000002	0.000003	0.000002	0.000930	0.007478	0.000098	0.000098	0.007738	0.700608
0.000270	0.000081	0.000173	0.000273	0.000286	0.000289	0.000218	0.000180	0.000048	0.000047	0.000158	0.000038	0.000002	0.000004	0.000002	0.001600	0.012914	0.000159	0.000159	0.013368	0.830557
0.000482	0.000135	0.000276	0.000427	0.000444	0.000450	0.000344	0.000288	0.000074	0.000073	0.000254	0.000059	0.000003	0.000006	0.000003	0.002695	0.021590	0.000255	0.000256	0.022353	0.915546
0.000842	0.000222	0.000437	0.000657	0.000682	0.000691	0.000535	0.000453	0.000113	0.000112	0.000404	0.000092	0.000004	0.000009	0.000004	0.004447	0.034918	0.000405	0.000406	0.036152	0.960547
0.001439	0.000360	0.000683	0.001001	0.001035	0.001050	0.000823	0.000705	0.000171	0.000170	0.000634	0.000141	0.000006	0.000013	0.000006	0.007182	0.054606	0.000635	0.000637	0.056525	0.982186
0.002408	0.000575	0.001053	0.001506	0.001553	0.001577	0.001251	0.001084	0.000257	0.000256	0.000983	0.000213	0.000009	0.000019	0.000008	0.011346	0.082533	0.000984	0.000988	0.085396	0.994187
0.003940	0.000907	0.001604	0.002239	0.002301	0.002339	0.001878	0.001646	0.000383	0.000381	0.001505	0.000321	0.000012	0.000027	0.000012	0.017531	0.120517	0.001506	0.001513	0.124614	0.999899
0.006298	0.001412	0.002411	0.003288	0.003367	0.003426	0.002785	0.002467	0.000566	0.000564	0.002275	0.000479	0.000016	0.000038	0.000016	0.026480	0.169985	0.002277	0.002287	0.175606	0.997469
0.009829	0.002166	0.003577	0.004767	0.004868	0.004958	0.004077	0.003651	0.000828	0.000826	0.003394	0.000707	0.000022	0.000053	0.000022	0.039090	0.231574	0.003398	0.003413	0.238960	0.988878
0.014974	0.003276	0.005237	0.006826	0.006950	0.007085	0.005893	0.005333	0.001201	0.001199	0.004997	0.001034	0.000031	0.000074	0.000031	0.056377	0.304759	0.005005	0.005028	0.314048	0.980972
0.022261	0.004886	0.007566	0.009651	0.009798	0.009998	0.008410	0.007688	0.001724	0.001723	0.007258	0.001497	0.000042	0.000103	0.000042	0.079421	0.387598	0.007275	0.007310	0.398778	0.978097
0.032300	0.007183	0.010784	0.013471	0.013638	0.013929	0.011846	0.010936	0.002452	0.002453	0.010401	0.002149	0.000057	0.000143	0.000057	0.109262	0.476736	0.010435	0.010484	0.489608	0.977134
0.045684	0.010408	0.015164	0.018561	0.018743	0.019157	0.016469	0.015347	0.003452	0.003458	0.014701	0.003053	0.000078	0.000198	0.000077	0.146773	0.567712	0.014763	0.014833	0.581892	0.972014
0.062957	0.014862	0.021031	0.025243	0.025426	0.026008	0.022593	0.021245	0.004814	0.004827	0.020491	0.004295	0.000105	0.000271	0.000104	0.192502	0.655579	0.020599	0.020698	0.670532	0.962029
0.084522	0.020911	0.028768	0.033882	0.034045	0.034851	0.030584	0.029008	0.006647	0.006671	0.028162	0.005982	0.000140	0.000370	0.000140	0.246517	0.735699	0.028343	0.028478	0.750811	0.952853
0.110543	0.028988	0.038805	0.044881	0.044994	0.046089	0.040846	0.039060	0.009086	0.009128	0.038160	0.008246	0.000188	0.000502	0.000187	0.308274	0.804555	0.038450	0.038631	0.819211	0.949022
0.140844	0.039587	0.051616	0.058665	0.058684	0.060150	0.053817	0.051864	0.012294	0.012362	0.050970	0.011252	0.000250	0.000678	0.000249	0.376538	0.860305	0.051418	0.051657	0.873990	0.947922
0.174857	0.053248	0.067693	0.075665	0.075533	0.077462	0.069945	0.067901	0.016466	0.016571	0.067105	0.015193	0.000331	0.000910	0.000330	0.449409	0.902958	0.067774	0.068083	0.915290	0.943314
0.211613	0.070539	0.087525	0.096292	0.095938	0.098436	0.089669	0.087643	0.021826	0.021984	0.087071	0.020299	0.000437	0.001215	0.000435	0.524433	0.934067	0.088042	0.088434	0.944830	0.933647
0.249809	0.092021	0.111567	0.120908	0.120245	0.123427	0.113387	0.111525	0.028631	0.028860	0.111338	0.026834	0.000574	0.001612	0.000571	0.598823	0.956095	0.112710	0.113197	0.965209	0.924125
0.287934	0.118203	0.140196	0.149791	0.148720	0.152709	0.141417	0.139902	0.037165	0.037489	0.140296	0.035092	0.000752	0.002127	0.000747	0.669770	0.971630	0.142182	0.142778	0.979092	0.919754
0.324443	0.149493	0.173669	0.183103	0.181512	0.186431	0.173966	0.173010	0.047733	0.048183	0.174209	0.045397	0.000979	0.002790	0.000973	0.734770	0.982756	0.176738	0.177451	0.988588	0.918667
0.357984	0.186135	0.212086	0.220853	0.218624	0.224594	0.211090	0.210922	0.060657	0.061267	0.213166	0.058089	0.001269	0.003639	0.001261	0.791924	0.990729	0.216478	0.217314	0.994940	0.914638
0.387585	0.228166	0.255342	0.262872	0.259888	0.267019	0.252661	0.253515	0.076258	0.077070	0.257047	0.073515	0.001637	0.004718	0.001627	0.840152	0.996090	0.261285	0.262247	0.998664	0.905384
0.412786	0.275362	0.303106	0.308794	0.304944	0.313328	0.298348	0.300438	0.094846	0.095905	0.305486	0.092013	0.002103	0.006081	0.002090	0.879261	0.999016	0.310791	0.311875	0.999907	0.895604
0.433662	0.327216	0.354799	0.358054	0.353241	0.362947	0.347606	0.351109	0.116697	0.118055	0.357859	0.113890	0.002689	0.007790	0.002672	0.909870	0.999742	0.364359	0.365557	0.998938	0.890685
0.450760	0.382916	0.409612	0.409896	0.404049	0.415111	0.399687	0.404718	0.142036	0.143747	0.413296	0.139405	0.003422	0.009919	0.003399	0.933191	0.998844	0.421094	0.422392	0.996366	0.889533
0.464928	0.441367	0.466521	0.463404	0.456481	0.468901	0.453659	0.460254	0.171015	0.173136	0.470710	0.168737	0.004334	0.012553	0.004305	0.950724	0.997230	0.479875	0.481251	0.993133	0.886044
0.477103	0.501252	0.524345	0.517547	0.509542	0.523282	0.508461	0.516563	0.203692	0.206276	0.528849	0.201969	0.005462	0.015788	0.005425	0.963952	0.995867	0.539410	0.540842	0.990215	0.877257
0.488051	0.561118	0.581813	0.571235	0.562180	0.577169	0.562962	0.572416	0.240010	0.243107	0.586379	0.239063	0.006851	0.019732	0.006805	0.974094	0.995414	0.598321	0.599782	0.988261	0.867289
0.498264	0.619446	0.637645	0.623390	0.613356	0.629486	0.616020	0.626579	0.279783	0.283438	0.641977	0.279839	0.008552	0.024507	0.008493	0.981970	0.995975	0.655228	0.656690	0.987343	0.861822
0.507912	0.674781	0.690645	0.673011	0.662105	0.679239	0.666573	0.677917	0.322691	0.326937	0.694423	0.323966	0.010622	0.030244	0.010549	0.988005	0.997099	0.708864	0.710299	0.986942	0.860527
0.516905	0.725842	0.739789	0.719242	0.707599	0.725582	0.713704	0.725460	0.368275	0.373130	0.742689	0.370967	0.013128	0.037087	0.013037	0.992336	0.998001	0.758160	0.759546	0.986269	0.857530
0.525041	0.771667	0.784286	0.761423	0.749197	0.767864	0.756700	0.768477	0.415947	0.421414	0.786018	0.420214	0.016144	0.045187	0.016032	0.995009	0.998005	0.802326	0.803642	0.984656	0.849255
0.532170	0.811652	0.823633	0.799127	0.786475	0.805661	0.795087	0.806517	0.465010	0.471072	0.823968	0.470956	0.019752	0.054700	0.019616	0.996137	0.996895	0.840895	0.842127	0.981907	0.839177
0.538335	0.845588	0.857641	0.832160	0.819242	0.838790	0.828657	0.839422	0.514682	0.521304	0.856425	0.522344	0.024045	0.065786	0.023879	0.996018	0.994990	0.873745	0.874883	0.978393	0.833163
0.543827	0.873646	0.886399	0.860562	0.847521	0.867292	0.857446	0.867303	0.564135	0.571261	0.883575	0.573485	0.029122	0.078603	0.028922	0.995135	0.993020	0.901072	0.902112	0.974873	0.831657
0.549106	0.896331	0.910252	0.884576	0.871532	0.891407	0.881703	0.890512	0.612537	0.620092	0.905864	0.623462	0.035089	0.093303	0.034849	0.994070	0.991747	0.923336	0.924277	0.972104	0.829104
0.554659	0.914375	0.929725	0.904582	0.891632	0.911520	0.901846	0.909565	0.659091	0.666987	0.923905	0.671409	0.042060	0.110025	0.041775	0.993373	0.991578	0.941176	0.942021	0.970465	0.821375
0.560880	0.928650	0.945450	0.921064	0.908266	0.928101	0.918384	0.925063	0.703085	0.711220	0.938400	0.716551	0.050154	0.128889	0.049818	0.993389	0.992361	0.955329	0.956079	0.969763	0.811257
0.567915	0.940024	0.958076	0.934528	0.921928	0.941660	0.931866	0.937631	0.743925	0.752193	0.950044	0.758243	0.059493	0.149993	0.059098	0.994173	0.993466	0.966522	0.967182	0.969333	0.804715
0.575625	0.949251	0.968208	0.945471	0.933083	0.952680	0.942815	0.947833	0.781167	0.789461	0.959454	0.796018	0.070201	0.173399	0.069741	0.995491	0.994102	0.975398	0.975974	0.968374	0.802934
0.583624	0.956913	0.976357	0.954323	0.942155	0.961598	0.951694	0.956140	0.814536	0.822755	0.967126	0.829593	0.082398	0.199134	0.081866	0.996906	0.993709	0.982484	0.982973	0.966358	0.800764
0.591430	0.963394	0.982906	0.961454	0.949497	0.968767	0.958859	0.962909	0.843928	0.851981	0.973405	0.858881	0.096203	0.227181	0.095592	0.997939	0.992260	0.988133	0.988537	0.963297	0.793603
0.598638	0.968881	0.988125	0.967135	0.955386	0.974472	0.964603	0.968379	0.869407	0.877218	0.978493	0.883988	0.111725	0.257475	0.111027	0.998238	0.990245	0.992571	0.992889	0.959719	0.783523
0.605075	0.973415	0.992172	0.971578	0.960030	0.978922	0.969116	0.972699	0.891180	0.898692	0.982496	0.905173	0.129060	0.289897	0.128269	0.997705	0.988450	0.995905	0.996127	0.956420	0.776483
0.610826	0.976946	0.995144	0.974949	0.963609	0.982286	0.972546	0.975968	0.909562	0.916739	0.985462	0.922824	0.148289	0.324275	0.147399	0.996536	0.987543	0.998181	0.998314	0.954057	0.774372
0.616247	0.979418	0.997149	0.977379	0.966256	0.984696	0.975022	0.978269	0.924949	0.931769	0.987428	0.937399	0.169473	0.360385	0.168478	0.995134	0.987745	0.999451	0.999487	0.952803	0.772514
0.621829	0.980844	0.998265	0.979006	0.968113	0.986309	0.976665	0.979718	0.937763	0.944225	0.988488	0.949394	0.192648	0.397943	0.191544	0.993996	0.988719	0.999783	0.999723	0.952281	0.765933
0.628031	0.981329	0.998644	0.979988	0.969341	0.987277	0.977632	0.980449	0.948428	0.954537	0.988782	0.959279	0.217822	0.436630	0.216606	0.993520	0.989738	0.999334	0.999186	0.951742	0.755967
0.635100	0.981100	0.998474	0.980489	0.970095	0.987759	0.978088	0.980673	0.957322	0.963110	0.988521	0.967480	0.244972	0.476078	0.243641	0.993878	0.990051	0.998322	0.998085	0.950448	0.748466
0.642990	0.980463	0.997975	0.980699	0.970557	0.987961	0.978241	0.980608	0.964769	0.970258	0.987975	0.974338	0.274038	0.515893	0.272593	0.994942	0.989262	0.996999	0.996691	0.948052	0.745972
0.651376	0.979775	0.997389	0.980781	0.970886	0.988036	0.978277	0.980489	0.971022	0.976238	0.987399	0.980108	0.304926	0.555664	0.303370	0.996351	0.987550	0.995649	0.995264	0.944754	0.744355
0.659781	0.979359	0.996909	0.980898	0.971235	0.988143	0.978377	0.980514	0.976258	0.981220	0.987039	0.984949	0.337503	0.594966	0.335839	0.997609	0.985525	0.994515	0.994062	0.941219	0.738360
0.667711	0.979458	0.996694	0.981143	0.971699	0.988388	0.978651	0.980812	0.980591	0.985322	0.987053	0.988952	0.371599	0.633387	0.369832	0.998294	0.983984	0.993763	0.993238	0.938224	0.728581
0.674838	0.980183	0.996814	0.981581	0.972326	0.988809	0.979159	0.981447	0.984091	0.988601	0.987510	0.992154	0.407006	0.670538	0.405146	0.998150	0.983465	0.993459	0.992859	0.936276	0.720664
0.681141	0.981494	0.997245	0.982197	0.973119	0.989410	0.979885	0.982384	0.986809	0.991099	0.988360	0.994565	0.443482	0.706057	0.441541	0.997242	0.983993	0.993554	0.992882	0.935347	0.717743
0.686904	0.983213	0.997886	0.982930	0.974011	0.990113	0.980761	0.983509	0.988795	0.992849	0.989462	0.996217	0.480757	0.739634	0.478747	0.995889	0.985067	0.993910	0.993155	0.934903	0.716301
0.692623	0.985070	0.998584	0.983684	0.974924	0.990831	0.981671	0.984669	0.990099	0.993927	0.990617	0.997147	0.518533	0.771014	0.516473	0.994556	0.985908	0.994324	0.993482	0.934164	0.710878
0.698819	0.986757	0.999180	0.984356	0.975753	0.991460	0.982478	0.985685	0.990828	0.994417	0.991603	0.997447	0.556497	0.800004	0.554402	0.993726	0.985851	0.994566	0.993640	0.932501	0.701357
0.705873	0.988008	0.999514	0.984843	0.976419	0.991909	0.983084	0.986421	0.991097	0.994425	0.992252	0.997230	0.594320	0.826486	0.592213	0.993671	0.984698	0.994459	0.993442	0.929756	0.693071
0.713874	0.988653	0.999476	0.985107	0.976874	0.992127	0.983415	0.986797	0.991047	0.994125	0.992430	0.996696	0.631675	0.850407	0.629578	0.994421	0.982791	0.993891	0.992782	0.926320	0.689697
0.722609	0.988653	0.999092	0.985134	0.977107	0.992113	0.983467	0.986796	0.990844	0.993673	0.992148	0.996002	0.668235	0.871778	0.666173	0.995723	0.980860	0.992853	0.991654	0.922927	0.688352
0.731575	0.988112	0.998383	0.984970	0.977163	0.991914	0.983290	0.986510	0.990642	0.993232	0.991497	0.995348	0.703693	0.890680	0.701685	0.997114	0.979637	0.991439	0.990162	0.920293	0.683489
0.740211	0.987255	0.997512	0.984698	0.977128	0.991618	0.982984	0.986071	0.990580	0.992943	0.990643	0.994900	0.737757	0.907246	0.735829	0.998112	0.979508	0.989824	0.988470	0.918746	0.674277
0.748075	0.986382	0.996638	0.984432	0.977096	0.991332	0.982689	0.985657	0.990752	0.992907	0.989805	0.994763	0.770167	0.921650	0.768341	0.998387	0.980296	0.988230	0.986807	0.918063	0.665691
0.755011	0.985778	0.995921	0.984279	0.977167	0.991165	0.982527	0.985433	0.991206	0.993172	0.989202	0.994990	0.800708	0.934097	0.799001	0.997823	0.981370	0.986870	0.985382	0.917594	0.661840
0.761203	0.985690	0.995499	0.984318	0.977422	0.991191	0.982593	0.985534	0.991928	0.993723	0.988991	0.995559	0.829184	0.944812	0.827614	0.996628	0.981945	0.985906	0.984349	0.916577	0.660519
0.767113	0.986228	0.995431	0.984591	0.977897	0.991456	0.982950	0.986007	0.992858	0.994498	0.989257	0.996400	0.855464	0.954015	0.854045	0.995218	0.981503	0.985415	0.983788	0.914535	0.656180
0.773325	0.987375	0.995707	0.985076	0.978580	0.991935	0.983573	0.986826	0.993895	0.995396	0.989963	0.997377	0.879452	0.961923	0.878195	0.994092	0.980025	0.985376	0.983673	0.911506	0.647341
0.780358	0.988973	0.996229	0.985714	0.979413	0.992564	0.984386	0.987897	0.994919	0.996287	0.990999	0.998347	0.901100	0.968737	0.900005	0.993636	0.978027	0.985643	0.983865	0.908030	0.638515
0.788434	0.990766	0.996854	0.986407	0.980304	0.993252	0.985264	0.989042	0.995814	0.997039	0.992152	0.999150	0.920398	0.974627	0.919465	0.994009	0.976263	0.986036	0.984174	0.904868	0.634178
0.797413	0.992450	0.997396	0.987034	0.981159	0.993884	0.986092	0.990101	0.996475	0.997551	0.993216	0.999679	0.937376	0.979739	0.936607	0.995082	0.975390	0.986327	0.984375	0.902625	0.632806
0.806854	0.993755	0.997703	0.987515	0.981877	0.994354	0.986727	0.990903	0.996828	0.997755	0.993979	0.999800	0.952102	0.984196	0.951479	0.996478	0.975584	0.986318	0.984274	0.901437	0.628960
0.816155	0.994478	0.997646	0.987761	0.982400	0.994602	0.987109	0.991345	0.996863	0.997632	0.994299	0.999547	0.964650	0.988066	0.964169	0.997703	0.976481	0.985872	0.983737	0.900911	0.620535
0.824769	0.994569	0.997202	0.987765	0.982706	0.994610	0.987194	0.991409	0.996615	0.997214	0.994147	0.998950	0.975125	0.991394	0.974772	0.998320	0.977365	0.984955	0.982729	0.900321	0.611540
0.832389	0.994093	0.996414	0.987553	0.982819	0.994405	0.987033	0.991148	0.996145	0.996596	0.993590	0.998105	0.983633	0.994184	0.983396	0.998101	0.977512	0.983630	0.981322	0.898976	0.606713
0.839057	0.993269	0.995396	0.987216	0.982821	0.994078	0.986727	0.990682	0.995598	0.995893	0.992769	0.997156	0.990280	0.996453	0.990139	0.997111	0.976548	0.982057	0.979669	0.896571	0.605226
0.845172	0.992358	0.994306	0.986862	0.982809	0.993733	0.986395	0.990185	0.995083	0.995237	0.991908	0.996260	0.995166	0.998168	0.995101	0.995681	0.974662	0.980443	0.977983	0.893340	0.601824
0.851291	0.991664	0.993321	0.986610	0.982882	0.993480	0.986173	0.989834	0.994723	0.994753	0.991233	0.995556	0.998377	0.999325	0.998360	0.994299	0.972498	0.979007	0.976479	0.889936	0.593918
0.857976	0.991430	0.992576	0.986540	0.983133	0.993408	0.986183	0.989760	0.994599	0.994546	0.990921	0.995166	0.999972	0.999917	0.999960	0.993420	0.970809	0.977930	0.975335	0.887096	0.584988
0.865583	0.991792	0.992160	0.986740	0.983608	0.993568	0.986481	0.990043	0.994773	0.994665	0.991090	0.995140	0.999954	0.999921	0.999941	0.993342	0.970092	0.977313	0.974648	0.885293	0.580162
0.874120	0.992766	0.992066	0.987209	0.984313	0.993958	0.987075	0.990666	0.995239	0.995113	0.991732	0.995477	0.998334	0.999370	0.998302	0.994090	0.970367	0.977150	0.974412	0.884475	0.579281
0.883222	0.994204	0.992232	0.987886	0.985195	0.994529	0.987909	0.991554	0.995937	0.995832	0.992776	0.996105	0.995100	0.998242	0.995020	0.995395	0.971112	0.977346	0.974525	0.884100	0.577356
0.892308	0.995865	0.992508	0.988692	0.986176	0.995185	0.988866	0.992543	0.996783	0.996724	0.994024	0.996905	0.990180	0.996550	0.990034	0.996789	0.971566	0.977715	0.974807	0.883405	0.571113
0.900663	0.997407	0.992740	0.989511	0.987148	0.995832	0.989819	0.993466	0.997655	0.997667	0.995259	0.997734	0.983503	0.994316	0.983270	0.997805	0.971108	0.978040	0.975039	0.881829	0.563598
0.907794	0.998565	0.992786	0.990235	0.988014	0.996338	0.990633	0.994157	0.998413	0.998518	0.996278	0.998429	0.974960	0.991550	0.974631	0.998085	0.969574	0.978114	0.975014	0.879247	0.559912
0.913217	0.999129	0.992524	0.990785	0.988697	0.996657	0.991215	0.994500	0.998954	0.999164	0.996904	0.998848	0.964457	0.988254	0.964013	0.997544	0.967328	0.977786	0.974575	0.876047	0.560418
0.917073	0.999012	0.991908	0.991114	0.989166	0.996732	0.991527	0.994456	0.999182	0.999510	0.997047	0.998909	0.951889	0.984407	0.951307	0.996390	0.965092	0.976996	0.973657	0.872965	0.560228
0.919953	0.998257	0.990970	0.991233	0.989425	0.996595	0.991587	0.994061	0.999078	0.999532	0.996776	0.998571	0.937153	0.979963	0.936423	0.995021	0.963577	0.975780	0.972308	0.870675	0.555625
0.922522	0.997049	0.989824	0.991224	0.989560	0.996323	0.991464	0.993445	0.998672	0.999234	0.996171	0.997857	0.920157	0.974855	0.919284	0.993915	0.963135	0.974261	0.970661	0.869431	0.548873
0.925282	0.995649	0.988611	0.991175	0.989634	0.996003	0.991288	0.992782	0.998019	0.998696	0.995431	0.996881	0.900844	0.968974	0.899821	0.993462	0.963572	0.972649	0.968911	0.868978	0.545098
0.928405	0.994368	0.987500	0.991193	0.989770	0.995747	0.991200	0.992266	0.997254	0.998027	0.994789	0.995768	0.879187	0.962175	0.878019	0.993816	0.964247	0.971163	0.967265	0.868674	0.545449
0.931939	0.993472	0.986637	0.991362	0.990051	0.995667	0.991307	0.992041	0.996473	0.997354	0.994433	0.994685	0.855186	0.954283	0.853885	0.994827	0.964412	0.969985	0.965918	0.867788	0.545560
0.935447	0.993115	0.986110	0.991762	0.990539	0.995811	0.991683	0.992216	0.995830	0.996803	0.994490	0.993785	0.828898	0.945101	0.827471	0.996134	0.963563	0.969245	0.964982	0.865888	0.541377
0.938245	0.993311	0.985943	0.992389	0.991245	0.996201	0.992342	0.992795	0.995415	0.996486	0.994995	0.993205	0.800414	0.934409	0.798876	0.997243	0.961720	0.968970	0.964477	0.863074	0.534578
0.939851	0.993931	0.986075	0.993215	0.992136	0.996786	0.993244	0.993712	0.995294	0.996468	0.995883	0.993009	0.769879	0.921981	0.768239	0.997754	0.959390	0.969081	0.964342	0.859918	0.530334
0.940386	0.994784	0.986381	0.994163	0.993137	0.997492	0.994271	0.994833	0.995469	0.996756	0.996991	0.993215	0.737477	0.907592	0.735741	0.997447	0.957335	0.969416	0.964415	0.857177	0.530419
0.940103	0.995590	0.986705	0.995123	0.994136	0.998220	0.995302	0.995962	0.995891	0.997299	0.998126	0.993760	0.703422	0.891039	0.701614	0.996392	0.956177	0.969766	0.964487	0.855425	0.530835
0.939559	0.996077	0.986875	0.995982	0.995048	0.998835	0.996205	0.996917	0.996468	0.997986	0.999068	0.994523	0.667982	0.872145	0.666114	0.994933	0.956086	0.969922	0.964340	0.854763	0.527151
0.939442	0.996041	0.986775	0.996650	0.995776	0.999253	0.996862	0.997554	0.997047	0.998693	0.999629	0.995329	0.631440	0.850780	0.629534	0.993529	0.956674	0.969709	0.963815	0.854767	0.520411
0.940324	0.995379	0.986333	0.997078	0.996294	0.999445	0.997239	0.997818	0.997478	0.999241	0.999736	0.995988	0.594108	0.826864	0.592182	0.992651	0.957239	0.969041	0.962828	0.854699	0.515747
0.942464	0.994123	0.985552	0.997283	0.996582	0.999391	0.997321	0.997681	0.997588	0.999468	0.999382	0.996306	0.556307	0.800383	0.554381	0.992547	0.957076	0.967921	0.961397	0.853873	0.515529
0.945718	0.992462	0.984515	0.997310	0.996711	0.999156	0.997203	0.997271	0.997232	0.999226	0.998667	0.996109	0.518369	0.771390	0.516460	0.993225	0.955852	0.966467	0.959635	0.851998	0.516201
0.949583	0.990645	0.983363	0.997248	0.996749	0.998845	0.996980	0.996733	0.996284	0.998386	0.997783	0.995271	0.480618	0.740003	0.478743	0.994407	0.953770	0.964849	0.957729	0.849319	0.513027
0.953369	0.988965	0.982249	0.997197	0.996800	0.998538	0.996799	0.996249	0.994661	0.996861	0.996938	0.993706	0.443369	0.706416	0.441541	0.995636	0.951463	0.963288	0.955895	0.846486	0.506414
0.956434	0.987666	0.981324	0.997258	0.996957	0.998360	0.996777	0.995979	0.992301	0.994596	0.996336	0.991380	0.406917	0.670885	0.405151	0.996450	0.949677	0.961977	0.954334	0.844230	0.501362
0.958405	0.986923	0.980672	0.997486	0.997269	0.998361	0.996985	0.996057	0.989162	0.991551	0.996124	0.988270	0.371535	0.633721	0.369840	0.996512	0.948895	0.961062	0.953181	0.842997	0.500796
0.959304	0.986777	0.980322	0.997904	0.997748	0.998555	0.997443	0.996501	0.985204	0.987686	0.996346	0.984388	0.337461	0.595281	0.335846	0.995771	0.949094	0.960572	0.952479	0.842717	0.501662
0.959540	0.987124	0.980213	0.998451	0.998348	0.998887	0.998082	0.997243	0.980356	0.982945	0.996950	0.979686	0.304904	0.555960	0.303378	0.994442	0.949749	0.960455	0.952156	0.842845	0.499007
0.959767	0.987749	0.980214	0.999027	0.998961	0.999250	0.998781	0.998133	0.974508	0.977206	0.997766	0.974093	0.274034	0.516172	0.272601	0.992945	0.950119	0.960541	0.952048	0.842632	0.492583
0.960634	0.988335	0.980122	0.999478	0.999438	0.999496	0.999369	0.998956	0.967472	0.970306	0.998572	0.967439	0.244983	0.476336	0.243648	0.991766	0.949594	0.960598	0.951912	0.841501	0.487176
0.962583	0.988555	0.979724	0.999629	0.999615	0.999444	0.999636	0.999472	0.958998	0.961981	0.999073	0.959481	0.217847	0.436867	0.216611	0.991274	0.948028	0.960359	0.951489	0.839342	0.486221
0.965669	0.988099	0.978795	0.999288	0.999306	0.998906	0.999384	0.999449	0.948749	0.951900	0.999039	0.949864	0.192684	0.398161	0.191546	0.991604	0.945792	0.959576	0.950521	0.836553	0.487222
0.969557	0.986743	0.977151	0.998285	0.998340	0.997712	0.998436	0.998677	0.936331	0.939661	0.998231	0.938160	0.169517	0.360581	0.168479	0.992593	0.943600	0.958044	0.948810	0.833854	0.485082
0.973637	0.984349	0.974645	0.996464	0.996553	0.995704	0.996641	0.997018	0.921304	0.924816	0.996503	0.923887	0.148340	0.324454	0.147398	0.993857	0.942136	0.955623	0.946217	0.831919	0.478905
0.977218	0.980875	0.971159	0.993673	0.993797	0.992738	0.993865	0.994380	0.903223	0.906914	0.993779	0.906539	0.129115	0.290056	0.128266	0.994911	0.941719	0.952239	0.942672	0.831032	0.473187
0.979791	0.976326	0.966592	0.989764	0.989923	0.988679	0.989983	0.990673	0.881676	0.885529	0.990006	0.885643	0.111782	0.257615	0.111022	0.995348	0.942144	0.947852	0.938144	0.830957	0.471815
0.981202	0.970697	0.960830	0.984564	0.984742	0.983351	0.984857	0.985822	0.856327	0.860312	0.985128	0.860798	0.096262	0.227302	0.095586	0.994968	0.942772	0.942416	0.932593	0.831050	0.472890
0.981714	0.963932	0.953703	0.977852	0.978036	0.976549	0.978273	0.979682	0.826955	0.831033	0.979051	0.831735	0.082456	0.199237	0.081859	0.993860	0.942872	0.935837	0.925927	0.830582	0.471252
0.981872	0.955827	0.944954	0.969346	0.969510	0.967981	0.969947	0.972004	0.793483	0.797602	0.971551	0.798339	0.070258	0.173485	0.069732	0.992365	0.941975	0.927908	0.917951	0.829106	0.465375
0.982375	0.946011	0.934216	0.958667	0.958791	0.957288	0.959490	0.962426	0.756009	0.760116	0.962277	0.760694	0.059548	0.150064	0.059089	0.990954	0.940118	0.918288	0.908327	0.826689	0.459392
0.983774	0.933942	0.921020	0.945375	0.945437	0.944014	0.946416	0.950444	0.714809	0.718840	0.950731	0.719070	0.050207	0.128947	0.049808	0.990057	0.937822	0.906496	0.896582	0.823862	0.457585
0.986299	0.918925	0.904816	0.928965	0.928955	0.927656	0.930173	0.935457	0.670330	0.674227	0.936277	0.673942	0.042109	0.110070	0.041765	0.989911	0.935823	0.891926	0.882114	0.821365	0.458667
0.989751	0.900177	0.885013	0.908913	0.908833	0.907685	0.910172	0.916800	0.623181	0.626887	0.918205	0.625954	0.035134	0.093338	0.034840	0.990467	0.934717	0.873898	0.864250	0.819771	0.457509
0.993568	0.876931	0.861048	0.884739	0.884598	0.883604	0.885864	0.893816	0.574088	0.577555	0.895796	0.575889	0.029163	0.078630	0.028912	0.991387	0.934637	0.851737	0.842317	0.819199	0.451980
0.996984	0.848521	0.832455	0.856039	0.855865	0.855012	0.856801	0.865945	0.523872	0.527056	0.868424	0.524621	0.024083	0.065805	0.023870	0.992134	0.935201	0.824852	0.815725	0.819256	0.445792
0.999248	0.814498	0.798939	0.822575	0.822401	0.821651	0.822702	0.832792	0.473385	0.476258	0.835635	0.473069	0.019786	0.054713	0.019607	0.992135	0.935710	0.792829	0.784057	0.819231	0.443533
0.999851	0.774713	0.760431	0.784298	0.784168	0.783463	0.783514	0.794215	0.423478	0.426023	0.797232	0.422141	0.016174	0.045196	0.016024	0.990903	0.935483	0.755506	0.747152	0.818460	0.444559
0.998569	0.729363	0.717127	0.741393	0.741354	0.740632	0.739450	0.750358	0.374958	0.377169	0.753333	0.372697	0.013155	0.037093	0.013030	0.988140	0.934220	0.713018	0.705135	0.816649	0.443850
0.995436	0.679013	0.669505	0.694291	0.694388	0.693583	0.690987	0.701683	0.328542	0.330427	0.704390	0.325492	0.010646	0.030248	0.010542	0.983721	0.932129	0.665819	0.658456	0.814029	0.438718
0.990591	0.624566	0.618307	0.643659	0.643929	0.642982	0.638868	0.648941	0.284836	0.286409	0.651173	0.281161	0.008572	0.024508	0.008487	0.977602	0.929842	0.614672	0.607865	0.811227	0.432380
0.983954	0.567191	0.564491	0.590367	0.590832	0.589698	0.584053	0.593141	0.244316	0.245599	0.594732	0.240192	0.006869	0.019732	0.006799	0.969631	0.928059	0.560590	0.554367	0.808951	0.429665
0.975057	0.508242	0.509172	0.535427	0.536099	0.534750	0.527653	0.535476	0.207311	0.208334	0.536312	0.202918	0.005477	0.015788	0.005421	0.959383	0.927212	0.504772	0.499146	0.807628	0.430570
0.962861	0.449150	0.453541	0.479940	0.480819	0.479247	0.470864	0.477233	0.174016	0.174809	0.477265	0.169521	0.004346	0.012553	0.004301	0.946045	0.927201	0.448509	0.443483	0.807159	0.430277
0.945826	0.391313	0.398788	0.425022	0.426089	0.424305	0.414878	0.419718	0.144489	0.145088	0.418955	0.140042	0.003433	0.009919	0.003396	0.928406	0.927418	0.393090	0.388652	0.806950	0.425578
0.922082	0.335999	0.346020	0.371733	0.372957	0.370994	0.360814	0.364140	0.118676	0.119111	0.362653	0.114401	0.002698	0.007790	0.002669	0.905006	0.926962	0.339715	0.335845	0.806151	0.419152
0.889827	0.284274	0.296200	0.321017	0.322361	0.320265	0.309652	0.311569	0.096420	0.096724	0.309471	0.092416	0.002111	0.006080	0.002087	0.874353	0.925019	0.289423	0.286088	0.803979	0.415981
0.847681	0.236950	0.250095	0.273663	0.275079	0.272905	0.262183	0.262863	0.077493	0.077694	0.260298	0.073828	0.001643	0.004718	0.001625	0.835262	0.921055	0.243029	0.240193	0.799989	0.416710
0.795117	0.194560	0.208259	0.230259	0.231704	0.229512	0.218983	0.218639	0.061612	0.061735	0.215766	0.058329	0.001274	0.003639	0.001259	0.787127	0.914842	0.201112	0.198730	0.794054	0.416789
0.732677	0.157361	0.171017	0.191198	0.192627	0.190474	0.180405	0.179273	0.048462	0.048526	0.176245	0.045578	0.000983	0.002790	0.000971	0.730144	0.906225	0.163998	0.162022	0.786151	0.412553
0.661981	0.125368	0.138479	0.156667	0.158041	0.155980	0.146585	0.144897	0.037712	0.037737	0.141859	0.035227	0.000755	0.002127	0.000746	0.665397	0.894705	0.131777	0.130160	0.775958	0.406099
0.585517	0.098385	0.110568	0.126671	0.127959	0.126033	0.117468	0.115440	0.029037	0.029035	0.112512	0.026932	0.000577	0.001612	0.000570	0.594773	0.879125	0.104339	0.103032	0.762526	0.402488
0.506364	0.076058	0.087051	0.101059	0.102237	0.100478	0.092840	0.090660	0.022123	0.022104	0.087933	0.020370	0.000439	0.001215	0.000434	0.520769	0.857610	0.081408	0.080366	0.744190	0.402986
0.427800	0.057924	0.067581	0.079555	0.080608	0.079037	0.072368	0.070185	0.016680	0.016652	0.067723	0.015243	0.000333	0.000910	0.000329	0.446171	0.827826	0.062594	0.061773	0.718809	0.403386
0.352844	0.043463	0.051739	0.061797	0.062718	0.061344	0.055639	0.053564	0.012446	0.012415	0.051403	0.011287	0.000251	0.000678	0.000248	0.373743	0.787582	0.047433	0.046795	0.684318	0.399631
0.283974	0.032133	0.039063	0.047369	0.048159	0.046981	0.042194	0.040304	0.009192	0.009161	0.038454	0.008271	0.000189	0.000502	0.000186	0.305919	0.735513	0.035429	0.034939	0.639382	0.393217
0.222949	0.023411	0.029088	0.035832	0.036495	0.035506	0.031565	0.029901	0.006720	0.006691	0.028357	0.005998	0.000141	0.000370	0.000139	0.244583	0.671670	0.026087	0.025715	0.583949	0.389187
0.170735	0.016810	0.021364	0.026750	0.027297	0.026482	0.023296	0.021876	0.004863	0.004838	0.020616	0.004306	0.000105	0.000271	0.000104	0.190952	0.597773	0.018937	0.018660	0.519499	0.389402
0.127533	0.011897	0.015479	0.019711	0.020154	0.019494	0.016964	0.015784	0.003485	0.003463	0.014778	0.003060	0.000078	0.000198	0.000077	0.145562	0.517055	0.013556	0.013352	0.448905	0.390068
0.092929	0.008301	0.011064	0.014336	0.014688	0.014164	0.012189	0.011234	0.002473	0.002455	0.010446	0.002153	0.000058	0.000143	0.000057	0.108340	0.433731	0.009571	0.009422	0.375948	0.386808
0.066065	0.005710	0.007803	0.010294	0.010569	0.010160	0.008644	0.007888	0.001738	0.001723	0.007283	0.001500	0.000042	0.000103	0.000042	0.078736	0.352289	0.006666	0.006558	0.304652	0.380492
0.045832	0.003873	0.005431	0.007297	0.007509	0.007195	0.006050	0.005464	0.001209	0.001198	0.005009	0.001035	0.000031	0.000074	0.000031	0.055881	0.276749	0.004580	0.004504	0.238617	0.376050
0.031036	0.002591	0.003730	0.005108	0.005268	0.005031	0.004180	0.003736	0.000834	0.000825	0.003399	0.000708	0.000023	0.000053	0.000022	0.038739	0.210120	0.003106	0.003053	0.180516	0.375867
0.020520	0.001709	0.002529	0.003531	0.003650	0.003474	0.002852	0.002521	0.000569	0.000563	0.002277	0.000479	0.000016	0.000038	0.000016	0.026239	0.154122	0.002079	0.002042	0.131850	0.376516
0.013249	0.001113	0.001693	0.002411	0.002498	0.002369	0.001921	0.001679	0.000385	0.000380	0.001505	0.000321	0.000012	0.000027	0.000012	0.017369	0.109197	0.001374	0.001349	0.092971	0.373108
0.008357	0.000714	0.001119	0.001626	0.001689	0.001596	0.001278	0.001104	0.000258	0.000255	0.000982	0.000214	0.000009	0.000019	0.000008	0.011240	0.074734	0.000897	0.000879	0.063294	0.365230
0.005151	0.000453	0.000730	0.001083	0.001128	0.001062	0.000840	0.000717	0.000172	0.000169	0.000633	0.000141	0.000006	0.000013	0.000006	0.007114	0.049419	0.000578	0.000566	0.041613	0.356286
0.003104	0.000283	0.000470	0.000713	0.000745	0.000699	0.000545	0.000460	0.000113	0.000111	0.000403	0.000092	0.000004	0.000009	0.000004	0.004405	0.031585	0.000368	0.000360	0.026432	0.346736
0.001828	0.000175	0.000299	0.000464	0.000486	0.000454	0.000350	0.000291	0.000074	0.000072	0.000253	0.000059	0.000003	0.000006	0.000003	0.002670	0.019520	0.000232	0.000227	0.016229	0.330062
0.001053	0.000106	0.000188	0.000298	0.000313	0.000292	0.000222	0.000182	0.000048	0.000047	0.000157	0.000038	0.000002	0.000004	0.000002	0.001584	0.011671	0.000144	0.000141	0.009637	0.297345
0.000594	0.000064	0.000117	0.000189	0.000200	0.000185	0.000139	0.000113	0.000031	0.000030	0.000096	0.000024	0.000002	0.000003	0.000002	0.000921	0.006756	0.000089	0.000087	0.005539	0.246054
0.000327	0.000038	0.000072	0.000119	0.000126	0.000116	0.000086	0.000069	0.000019	0.000019	0.000058	0.000015	0.000001	0.000002	0.000001	0.000525	0.003788	0.000054	0.000053	0.003084	0.183493
0.000177	0.000022	0.000044	0.000074	0.000078	0.000072	0.000053	0.000042	0.000012	0.000012	0.000035	0.000010	0.000001	0.000001	0.000001	0.000293	0.002060	0.000032	0.000032	0.001664	0.122396
0.000093	0.000013	0.000026	0.000045	0.000048	0.000044	0.000032	0.000025	0.000008	0.000007	0.000021	0.000006	0.000001	0.000001	0.000001	0.000161	0.001087	0.000019	0.000019	0.000871	0.072865
0.000048	0.000007	0.000015	0.000028	0.000029	0.000027	0.000019	0.000015	0.000005	0.000005	0.000012	0.000004	0.000000	0.000001	0.000000	0.000086	0.000557	0.000011	0.000011	0.000443	0.038810
0.000024	0.000004	0.000009	0.000017	0.000018	0.000016	0.000011	0.000009	0.000003	0.000003	0.000007	0.000002	0.000000	0.000000	0.000000	0.000046	0.000277	0.000007	0.000006	0.000219	0.018585
0.000012	0.000002	0.000005	0.000010	0.000011	0.000010	0.000007	0.000005	0.000002	0.000002	0.000004	0.000001	0.000000	0.000000	0.000000	0.000024	0.000134	0.000004	0.000004	0.000105	0.008056
0.000006	0.000001	0.000003	0.000006	0.000006	0.000006	0.000004	0.000003	0.000001	0.000001	0.000002	0.000001	0.000000	0.000000	0.000000	0.000012	0.000063	0.000002	0.000002	0.000049	0.003180
0.000003	0.000001	0.000002	0.000003	0.000004	0.000003	0.000002	0.000002	0.000001	0.000001	0.000001	0.000000	0.000000	0.000000	0.000000	0.000006	0.000029	0.000001	0.000001	0.000022	0.001148
0.000001	0.000000	0.000001	0.000002	0.000002	0.000002	0.000001	0.000001	0.000000	0.000000	0.000001	0.000000	0.000000	0.000000	0.000000	0.000003	0.000013	0.000001	0.000001	0.000010	0.000380
0.000001	0.000000	0.000001	0.000001	0.000001	0.000001	0.000001	0.000000	0.000000	0.000000	0.000000	0.000000	0.000000	0.000000	0.000000	0.000001	0.000006	0.000000	0.000000	0.000004	0.000115
0.000000	0.000000	0.000000	0.000001	0.000001	0.000001	0.000000	0.000000	0.000000	0.000000	0.000000	0.000000	0.000000	0.000000	0.000000	0.000001	0.000002	0.000000	0.000000	0.000002	0.000032
0.000000	0.000000	0.000000	0.000000	0.000000	0.000000	0.000000	0.000000	0.000000	0.000000	0.000000	0.000000	0.000000	0.000000	0.000000	0.000000	0.000001	0.000000	0.000000	0.000001	0.000008
0.000000	0.000000	0.000000	0.000000	0.000000	0.000000	0.000000	0.000000	0.000000	0.000000	0.000000	0.000000	0.000000	0.000000	0.000000	0.000000	0.000000	0.000000	0.000000	0.000000	0.000002
0.000000	0.000000	0.000000	0.000000	0.000000	0.000000	0.000000	0.000000	0.000000	0.000000	0.000000	0.000000	0.000000	0.000000	0.000000	0.000000	0.000000	0.000000	0.000000	0.000000	0.000000
0.000000	0.000000	0.000000	0.000000	0.000000	0.000000	0.000000	0.000000	0.000000	0.000000	0.000000	0.000000	0.000000	0.000000	0.000000	0.000000	0.000000	0.000000	0.000000	0.000000	0.000000
0.000000	0.000000	0.000000	0.000000	0.000000	0.000000	0.000000	0.000000	0.000000	0.000000	0.000000	0.000000	0.000000	0.000000	0.000000	0.000000	0.000000	0.000000	0.000000	0.000000	0.000000
0.000000	0.000000	0.000000	0.000000	0.000000	0.000000	0.000000	0.000000	0.000000	0.000000	0.000000	0.000000	0.000000	0.000000	0.000000	0.000000	0.000000	0.000000	0.000000	0.000000	0.000000
0.000000	0.000000	0.000000	0.000000	0.000000	0.000000	0.000000	0.000000	0.000000	0.000000	0.000000	0.000000	0.000000	0.000000	0.000000	0.000000	0.000000	0.000000	0.000000	0.000000	0.000000
0.000000	0.000000	0.000000	0.000000	0.000000	0.000000	0.000000	0.000000	0.000000	0.000000	0.000000	0.000000	0.000000	0.000000	0.000000	0.000000	0.000000	0.000000	0.000000	0.000000	0.000000
