387.746460	402.532440	433.588593	481.068054	501.053162	551.049255	611.020142	655.866516	665.873535	673.413025	699.726807	746.048645	756.095276	758.590149	762.301331	767.317200	851.199890	874.980713	889.999512	925.022461	995.070068
387.864563	402.626892	433.683350	481.161407	501.147308	551.143188	611.114380	655.961853	665.954895	673.494812	699.818665	746.128967	756.154846	758.655334	762.354736	767.433228	851.344849	875.076477	890.093018	925.169006	995.315125
387.982666	402.720825	433.777985	481.256226	501.242157	551.236816	611.209167	656.055969	666.034912	673.579407	699.913452	746.215454	756.213135	758.719971	762.410706	767.557251	851.491699	875.166931	890.186340	925.312683	995.560486
388.100769	402.814819	433.870758	481.351288	501.336395	551.331848	611.302612	656.149048	666.119324	673.658508	700.007446	746.294189	756.268311	758.781433	762.469604	767.672180	851.632751	875.264099	890.282166	925.455322	995.805725
388.218872	402.907745	433.964752	481.445251	501.429871	551.426331	611.397034	656.243164	666.200256	673.740479	700.102173	746.374451	756.322693	758.840759	762.528931	767.797546	851.781372	875.357971	890.375061	925.602783	996.051147
388.337097	403.002167	434.059540	481.538544	501.523895	551.520569	611.491089	656.339050	666.280212	673.824524	700.197815	746.460327	756.379395	758.906006	762.581360	767.910828	851.920593	875.451294	890.470154	925.745544	996.296265
388.455444	403.096161	434.154236	481.633148	501.618774	551.614075	611.584473	656.432617	666.364929	673.904297	700.288635	746.539978	756.439941	758.970703	762.635498	768.036743	852.068665	875.547363	890.564026	925.892517	996.541077
388.573761	403.190002	434.247101	481.728333	501.712952	551.708862	611.679871	656.525879	666.445740	673.986145	700.384888	746.619812	756.495056	759.032166	762.693909	768.149719	852.213196	875.638184	890.657959	926.034973	996.786072
388.692139	403.282867	434.341003	481.822357	501.806366	551.803589	611.772339	656.620361	666.525391	674.069580	700.481140	746.705078	756.550476	759.091492	762.754150	768.275696	852.356567	875.734985	890.753540	926.181396	997.030823
388.810394	403.377319	434.435822	481.915619	501.900513	551.897583	611.866333	656.715637	666.610596	674.150146	700.573181	746.785828	756.604675	759.156738	762.808716	768.389648	852.504333	875.830627	890.847107	926.326172	997.275696
388.928864	403.471252	434.530365	482.010071	501.995361	551.991211	611.961548	656.810242	666.691040	674.231812	700.668152	746.865112	756.664734	759.221436	762.862366	768.514343	852.644470	875.921326	890.940674	926.468079	997.520386
389.047241	403.565155	434.623322	482.105347	502.089539	552.086060	612.055054	656.903015	666.770752	674.314819	700.761475	746.949646	756.721619	759.282837	762.919250	768.629333	852.793030	876.018372	891.036255	926.615417	997.764893
389.165802	403.658173	434.717194	482.199493	502.183014	552.180725	612.149414	656.996887	666.856262	674.395996	700.856689	747.031494	756.777405	759.342163	762.978088	768.752625	852.933777	876.112000	891.129028	926.758911	998.009583
389.284393	403.752533	434.811951	482.292694	502.277069	552.274902	612.243286	657.093018	666.936218	674.477295	700.952454	747.110352	756.830933	759.407349	763.036621	768.869202	853.080566	876.205688	891.224304	926.905518	998.254028
389.403168	403.846649	434.906677	482.387054	502.371887	552.368469	612.336487	657.186768	667.016235	674.560059	701.043457	747.194275	756.889099	759.472168	763.089111	768.991028	853.225586	876.301697	891.318176	927.048523	998.498352
389.521973	403.940308	434.999542	482.482330	502.466217	552.463135	612.432251	657.279602	667.101807	674.641846	701.139282	747.277161	756.949219	759.533447	763.143921	769.109009	853.368286	876.392029	891.412292	927.193115	998.742798
389.640442	404.033417	435.093384	482.576599	502.559601	552.557800	612.524414	657.374146	667.181335	674.722778	701.235474	747.355896	757.004150	759.592773	763.202393	769.229309	853.516602	876.489136	891.507446	927.339233	998.987305
389.758453	404.127869	435.188110	482.669830	502.653625	552.652161	612.618591	657.469421	667.261780	674.805176	701.327759	747.438843	757.059204	759.658081	763.262756	769.348633	853.656006	876.584778	891.601257	927.481750	999.231262
389.876648	404.221893	435.282898	482.764130	502.748444	552.745667	612.713806	657.564392	667.347290	674.887756	701.422607	747.522949	757.114319	759.722839	763.316284	769.468262	853.804688	876.675964	891.694641	927.628723	999.475342
389.994812	404.315430	435.375916	482.859406	502.842865	552.840149	612.807373	657.657043	667.426575	674.968384	701.515747	747.601440	757.174622	759.784119	763.370178	769.588867	853.946716	876.772644	891.790527	927.771851	999.719482
390.112946	404.408661	435.469604	482.953796	502.936249	552.934998	612.901672	657.750488	667.507385	675.050354	701.611206	747.683716	757.230652	759.843445	763.427429	769.707214	854.092590	876.865784	891.882935	927.918091	999.962952
390.231140	404.502930	435.564362	483.046997	503.030273	553.029358	612.995544	657.846863	667.592957	675.133667	701.706787	747.768677	757.286377	759.908691	763.486694	769.828857	854.238403	876.960022	891.978516	928.061951	1000.205078
390.349243	404.597168	435.659149	483.141144	503.125061	553.122864	613.088806	657.940735	667.671936	675.213989	701.798157	747.846863	757.339844	759.973511	763.544250	769.945862	854.380066	877.055786	892.072144	928.204712	1000.448975
390.467468	404.690643	435.752075	483.236359	503.219513	553.217224	613.184753	658.033508	667.753113	675.295532	701.893433	747.928406	757.399048	760.034790	763.597046	770.068665	854.528992	877.145935	892.166504	928.352173	1000.694580
390.585815	404.783783	435.845734	483.330902	503.312866	553.312317	613.276550	658.127930	667.838440	675.379578	701.989807	748.013916	757.458435	760.094116	763.652283	770.184570	854.667786	877.243591	892.261597	928.495361	1000.940125
390.704010	404.878174	435.940521	483.424194	503.406860	553.406555	613.370728	658.223083	667.917358	675.459473	702.082214	748.092285	757.513489	760.159302	763.710876	770.308594	854.816284	877.339050	892.355347	928.641846	1001.185547
390.822174	404.972443	436.035339	483.518250	503.501617	553.500000	613.466064	658.318359	667.998962	675.540405	702.177368	748.173218	757.567810	760.224365	763.771729	770.423462	854.959961	877.430298	892.448975	928.784607	1001.430786
390.940582	405.065857	436.128296	483.613434	503.596100	553.594360	613.559570	658.410950	668.084106	675.625366	702.269775	748.259277	757.623901	760.285522	763.824219	770.548889	855.103943	877.526794	892.544434	928.930481	1001.676147
391.058960	405.159088	436.222015	483.707947	503.689423	553.689270	613.653870	658.504150	668.162842	675.704712	702.365723	748.337891	757.684265	760.344849	763.877991	770.662231	855.251160	877.619812	892.636902	929.075500	1001.921631
391.177399	405.253479	436.316681	483.801361	503.783447	553.783813	613.747742	658.600769	668.244507	675.785400	702.461243	748.418152	757.739929	760.410095	763.935608	770.787659	855.391785	877.714478	892.732605	929.217834	1002.167053
391.295959	405.347717	436.411530	483.895294	503.878204	553.877136	613.841003	658.694641	668.329102	675.871094	702.553040	748.504822	757.795288	760.475098	763.995178	770.900818	855.540649	877.809937	892.826233	929.364990	1002.412292
391.414642	405.441010	436.504761	483.990509	503.972870	553.971436	613.937073	658.787292	668.408264	675.950378	702.647888	748.583252	757.849487	760.536133	764.051880	771.026489	855.680786	877.900208	892.920654	929.508484	1002.657654
391.533386	405.534271	436.598175	484.085144	504.066162	554.066467	614.028625	658.881714	668.490356	676.030762	702.744141	748.663574	757.908936	760.595398	764.104858	771.140747	855.827820	877.997742	893.015625	929.654785	1002.902710
391.652039	405.628693	436.692871	484.178436	504.160095	554.160828	614.122986	658.976868	668.574219	676.116882	702.836853	748.750244	757.966797	760.660522	764.160889	771.265076	855.972656	878.093018	893.109253	929.798096	1003.147461
391.770325	405.723053	436.787781	484.272308	504.254761	554.254456	614.218384	659.072510	668.653809	676.195923	702.931946	748.828491	758.022278	760.725647	764.219482	771.380676	856.115601	878.184509	893.203308	929.942566	1003.392090
391.888672	405.816162	436.880890	484.367493	504.349426	554.348511	614.311890	659.164917	668.736023	676.276367	703.023865	748.908630	758.076172	760.786743	764.279480	771.503601	856.263611	878.280945	893.298462	930.088562	1003.636475
392.006866	405.909485	436.974396	484.462158	504.442810	554.443604	614.406067	659.257996	668.819092	676.362610	703.120178	748.995667	758.133728	760.846130	764.331604	771.620422	856.403320	878.373657	893.391174	930.231506	1003.880920
392.124969	406.003754	437.069122	484.555634	504.536621	554.538086	614.499939	659.354431	668.899475	676.441345	703.215637	749.073730	758.193909	760.911377	764.385620	771.741882	856.552307	878.468689	893.487122	930.377991	1004.125122
392.243073	406.098267	437.164063	484.649384	504.631317	554.631531	614.593079	659.448730	668.981445	676.521851	703.307800	749.153809	758.248779	760.976563	764.444214	771.860291	856.693726	878.563965	893.580322	930.521362	1004.369446
392.361481	406.191193	437.257080	484.744659	504.726074	554.725647	614.689575	659.541260	669.064270	676.608154	703.402222	749.241211	758.304138	761.037659	764.503906	771.980591	856.839905	878.654663	893.674805	930.667236	1004.613708
392.479828	406.284668	437.350616	484.839233	504.819336	554.820618	614.781128	659.635681	669.145020	676.686890	703.498291	749.318909	758.358826	761.096741	764.559265	772.100159	856.985229	878.752014	893.769775	930.811462	1004.858093
392.597961	406.379089	437.445435	484.932770	504.913177	554.915161	614.875122	659.730530	669.227051	676.767456	703.591309	749.398865	758.418945	761.162048	764.612854	772.219543	857.127319	878.847168	893.863098	930.954285	1005.102295
392.716003	406.473450	437.540222	485.026489	505.007904	555.008789	614.970764	659.826599	669.309143	676.853760	703.686462	749.486877	758.475647	761.227234	764.669373	772.340271	857.276367	878.938721	893.957458	931.101624	1005.346802
392.834320	406.566376	437.633423	485.121643	505.102692	555.102783	615.064331	659.919067	669.390747	676.932556	703.778015	749.564148	758.531311	761.288147	764.728027	772.458496	857.414917	879.035156	894.052368	931.245056	1005.591187
392.952637	406.659973	437.726868	485.216431	505.195953	555.197815	615.158447	660.011597	669.472656	677.012878	703.874573	749.643921	758.584839	761.347412	764.787109	772.580383	857.563843	879.127563	894.145325	931.390991	1005.836243
393.070892	406.754303	437.821564	485.309937	505.289795	555.292236	615.252136	660.108215	669.554077	677.098938	703.970154	749.732056	758.643372	761.412659	764.839478	772.697205	857.706665	879.222961	894.241211	931.534302	1006.081177
393.189117	406.848816	437.916565	485.403625	505.384460	555.386047	615.345276	660.202576	669.636414	677.177917	704.062317	749.809509	758.703125	761.477722	764.893982	772.820190	857.851379	879.318115	894.334473	931.679443	1006.325928
393.307556	406.941559	438.009735	485.498749	505.479309	555.479919	615.442017	660.295471	669.718018	677.258484	704.156494	749.889282	758.758362	761.538879	764.952637	772.935974	857.997986	879.409180	894.428833	931.824768	1006.571228
393.426270	407.035126	438.103119	485.593567	505.572540	555.574890	615.533447	660.389404	669.798889	677.344116	704.252441	749.977112	758.812988	761.598083	765.012756	773.060120	858.138977	879.506287	894.523865	931.967529	1006.816467
393.544922	407.129517	438.197815	485.687042	505.666351	555.669373	615.627319	660.484253	669.882202	677.423523	704.345886	750.054871	758.868591	761.663330	765.066956	773.174622	858.288330	879.601257	894.616943	932.114502	1007.061829
393.663452	407.223938	438.292694	485.780701	505.761047	555.763184	615.723022	660.580688	669.963623	677.504150	704.441101	750.134521	758.928528	761.728455	765.120667	773.299744	858.427979	879.693237	894.711609	932.258118	1007.306946
393.781952	407.316803	438.385986	485.875885	505.855865	555.857178	615.816528	660.673096	670.043945	677.589417	704.532288	750.221863	758.984680	761.789551	765.177551	773.413330	858.575317	879.789368	894.806213	932.403870	1007.552185
393.900238	407.410431	438.479309	485.970581	505.949158	555.951965	615.910828	660.765381	670.128113	677.669006	704.628967	750.300354	759.040222	761.848694	765.236694	773.538391	858.719666	879.881409	894.899597	932.547424	1007.797180
394.018616	407.504730	438.574097	486.064209	506.042999	556.046509	616.004395	660.862183	670.208862	677.749939	704.724365	750.380005	759.094116	761.914124	765.294800	773.652039	858.862976	879.977356	894.995361	932.691956	1008.042236
394.137024	407.599182	438.669067	486.157806	506.137543	556.140564	616.097473	660.956482	670.289063	677.834473	704.816956	750.466980	759.153259	761.979187	765.347351	773.777344	859.010193	880.072388	895.088562	932.837952	1008.287109
394.254974	407.691956	438.762207	486.252838	506.232422	556.234314	616.194458	661.049744	670.373901	677.914307	704.911194	750.545898	759.212036	762.040283	765.402527	773.891907	859.150696	880.163391	895.182922	932.981262	1008.531738
394.373352	407.785645	438.855469	486.347748	506.325745	556.329224	616.285889	661.143250	670.454346	677.995605	705.006592	750.625488	759.267395	762.099548	765.460815	774.015991	859.299927	880.260681	895.277893	933.127319	1008.776672
394.491821	407.880035	438.950348	486.441345	506.419586	556.423645	616.379456	661.237854	670.534119	678.079590	705.100403	750.711731	759.321350	762.164734	765.521667	774.131714	859.440796	880.355225	895.370850	933.270874	1009.021240
394.610168	407.974304	439.045197	486.534851	506.514130	556.517639	616.475159	661.334595	670.619751	678.159912	705.195435	750.791870	759.378296	762.229797	765.574585	774.254456	859.587402	880.447571	895.465820	933.416504	1009.265869
394.728302	408.067169	439.138397	486.629852	506.609131	556.611450	616.568848	661.427002	670.699585	678.241333	705.287354	750.870850	759.438232	762.290955	765.628357	774.371460	859.732056	880.543457	895.560181	933.560974	1009.510193
394.846283	408.160797	439.231812	486.724670	506.702301	556.706299	616.663269	661.519043	670.779541	678.324951	705.383301	750.956482	759.493835	762.350220	765.685791	774.492798	859.874573	880.635376	895.653931	933.703491	1009.754517
394.964539	408.255249	439.326569	486.818451	506.796112	556.800781	616.756531	661.615906	670.865356	678.405518	705.478943	751.037720	759.549011	762.415405	765.745300	774.611572	860.023193	880.731506	895.749329	933.850891	1009.998779
395.082947	408.349426	439.421387	486.912048	506.890656	556.894836	616.849609	661.710327	670.945007	678.486877	705.571533	751.116211	759.603577	762.480469	765.802368	774.731934	860.162170	880.826538	895.842712	933.994995	1010.242798
395.201263	408.442444	439.514709	487.006897	506.985687	556.988525	616.946838	661.803833	671.024719	678.570007	705.665771	751.201355	759.663086	762.541748	765.855347	774.851746	860.311584	880.917908	895.936890	934.140198	1010.486755
395.319427	408.536072	439.608154	487.101776	507.078705	557.083435	617.038330	661.897034	671.110962	678.651306	705.760742	751.283508	759.720764	762.600769	765.911072	774.970886	860.453735	881.014954	896.031799	934.283875	1010.730408
395.437775	408.630554	439.702698	487.195618	507.172791	557.177917	617.131714	661.991577	671.190308	678.732483	705.854858	751.361694	759.776245	762.666260	765.969421	775.091797	860.598938	881.109131	896.124756	934.428589	1010.973694
395.556488	408.724640	439.797699	487.289093	507.267273	557.272034	617.227539	662.088562	671.270020	678.815308	705.950012	751.445862	759.829773	762.731201	766.029907	775.209656	860.744812	881.202026	896.220154	934.574219	1011.213257
395.675049	408.817627	439.890961	487.383911	507.362335	557.365723	617.321106	662.181091	671.356567	678.897278	706.041931	751.529236	759.888000	762.792358	766.082214	775.331848	860.886292	881.297546	896.314209	934.717163	1011.459045
395.793640	408.911285	439.984344	487.478851	507.455292	557.460449	617.415588	662.272766	671.435669	678.978149	706.137512	751.607178	759.947693	762.851501	766.136108	775.448425	861.035889	881.389343	896.408081	934.863892	1011.704712
395.911957	409.005798	440.079041	487.572815	507.549316	557.555054	617.508728	662.369690	671.515564	679.060547	706.233215	751.690613	760.003052	762.916870	766.194336	775.571777	861.175110	881.485657	896.503357	935.007751	1011.950500
396.030212	409.099731	440.173920	487.666138	507.643799	557.649292	617.601746	662.464111	671.602173	679.143250	706.326111	751.774780	760.057922	762.981873	766.253906	775.687134	861.323059	881.580872	896.596802	935.153015	1012.196106
396.148560	409.192902	440.267242	487.760864	507.738770	557.742920	617.699341	662.557983	671.680969	679.223450	706.420471	751.852661	760.113098	763.043152	766.309875	775.811462	861.466797	881.672363	896.691162	935.296997	1012.441528
396.266815	409.286438	440.360596	487.855865	507.831970	557.837646	617.790649	662.650879	671.761230	679.305725	706.514771	751.935425	760.172852	763.102234	766.363159	775.925720	861.610107	881.769287	896.786011	935.441040	1012.686829
396.385376	409.381073	440.455261	487.949860	507.925995	557.932190	617.883850	662.745178	671.847900	679.389282	706.609314	752.020203	760.229553	763.167664	766.419434	776.050354	861.757141	881.863098	896.878662	935.587280	1012.932068
396.503693	409.474945	440.550171	488.043304	508.020264	558.026489	617.979919	662.842346	671.926270	679.469116	706.704407	752.098206	760.285156	763.232544	766.478088	776.164551	861.897766	881.956482	896.974304	935.730957	1013.177307
396.622070	409.567993	440.643494	488.137848	508.115540	558.120056	618.073425	662.934998	672.007080	679.550903	706.796814	752.180359	760.339050	763.293762	766.537659	776.289307	862.047485	882.051819	897.068237	935.876770	1013.422607
396.740295	409.661743	440.736877	488.232941	508.208527	558.214661	618.167908	663.026672	672.093079	679.635193	706.891785	752.265686	760.397583	763.352844	766.589844	776.403198	862.187927	882.143311	897.162598	936.020386	1013.668091
396.858643	409.756317	440.831451	488.327057	508.302521	558.309326	618.260925	663.123291	672.171448	679.714600	706.987549	752.343628	760.457031	763.418213	766.644104	776.528015	862.334839	882.239929	897.257446	936.165527	1013.912781
396.976776	409.850067	440.926483	488.420349	508.397003	558.403748	618.353943	663.217773	672.252808	679.796204	707.080566	752.425110	760.512390	763.483337	766.702759	776.642944	862.479004	882.335083	897.350769	936.310364	1014.157593
397.094940	409.943237	441.019745	488.514923	508.492035	558.497314	618.451782	663.312134	672.337830	679.881042	707.175232	752.511108	760.566528	763.544617	766.762817	776.766846	862.621948	882.426636	897.445251	936.453003	1014.401978
397.213135	410.036896	441.113098	488.609924	508.585144	558.591614	618.543030	663.405029	672.416931	679.960144	707.268799	752.589050	760.622864	763.603516	766.817566	776.882813	862.769958	882.523499	897.540283	936.600281	1014.646606
397.331482	410.131500	441.207733	488.704224	508.679169	558.686401	618.635925	663.498901	672.498657	680.041565	707.363708	752.670227	760.682434	763.669067	766.871033	777.005310	862.909241	882.617004	897.632446	936.744812	1014.891052
397.450012	410.225159	441.302643	488.797546	508.773499	558.781006	618.732117	663.596191	672.582947	680.126892	707.458801	752.756714	760.738708	763.734070	766.927795	777.122742	863.059265	882.710876	897.728455	936.889587	1015.135498
397.568359	410.318451	441.395966	488.891998	508.868561	558.874390	618.825684	663.688965	672.662354	680.205688	707.551514	752.834595	760.793762	763.795227	766.986694	777.243958	863.200745	882.805786	897.822205	937.033508	1015.379639
397.686493	410.412140	441.489441	488.986969	508.961700	558.968811	618.920227	663.780518	672.744446	680.286560	707.646118	752.915527	760.848328	763.854309	767.045349	777.362854	863.346558	882.897583	897.916748	937.177673	1015.623962
397.805054	410.506836	441.583984	489.081360	509.055756	559.063599	619.013123	663.877075	672.828003	680.372681	707.741943	753.002014	760.907410	763.919617	767.097717	777.483215	863.491699	882.994385	898.011353	937.323792	1015.868103
397.923676	410.600342	441.678864	489.174652	509.150055	559.158203	619.106140	663.971497	672.908020	680.451294	707.835083	753.080017	760.966003	763.984741	767.152527	777.603333	863.633606	883.089294	898.104736	937.466919	1016.112427
398.041931	410.693634	441.772186	489.269073	509.245026	559.251709	619.204041	664.066467	672.990112	680.531677	707.929688	753.160828	761.021240	764.045898	767.211121	777.722290	863.782593	883.180969	898.199402	937.613159	1016.356934
398.160217	410.787323	441.865753	489.364136	509.338318	559.345886	619.295288	664.158997	673.072998	680.618225	708.022949	753.247620	761.075012	764.104919	767.271606	777.843323	863.922302	883.277710	898.294373	937.757568	1016.601868
398.278503	410.882050	441.960175	489.458374	509.432373	559.440735	619.388184	664.252563	673.153809	680.696777	708.118164	753.325317	761.132507	764.170288	767.325195	777.961243	864.070679	883.370972	898.386353	937.902283	1016.846985
398.396881	410.975464	442.055023	489.551880	509.526642	559.535400	619.484436	664.350098	673.235535	680.777100	708.213318	753.405945	761.192139	764.235291	767.378784	778.083435	864.213745	883.465332	898.482544	938.046692	1017.092102
398.515503	411.068848	442.148560	489.646118	509.621643	559.628906	619.578003	664.443054	673.318115	680.863647	708.306091	753.493164	761.247864	764.296692	767.436096	778.200073	864.357544	883.560059	898.576294	938.190125	1017.337097
398.633881	411.162567	442.241913	489.741150	509.714935	559.722961	619.672607	664.534668	673.399536	680.942383	708.400391	753.570496	761.302673	764.355591	767.495117	778.323364	864.503967	883.651917	898.671021	938.336548	1017.581970
398.752136	411.257324	442.336456	489.835602	509.808960	559.817810	619.765259	664.630859	673.481079	681.022644	708.496216	753.650940	761.357727	764.421021	767.552979	778.438538	864.645203	883.748657	898.765564	938.480652	1017.827209
398.870483	411.350647	442.431244	489.928925	509.903290	559.912415	619.858215	664.725220	673.563110	681.108704	708.589600	753.738281	761.417175	764.486023	767.605591	778.562439	864.794800	883.843384	898.858765	938.626221	1018.072632
398.988892	411.444061	442.524689	490.023285	509.998230	560.006165	619.956482	664.820557	673.645203	681.187988	708.684326	753.815674	761.474670	764.547241	767.661133	778.676819	864.935181	883.935425	898.953674	938.769836	1018.318054
399.107239	411.537933	442.618256	490.118103	510.091461	560.100098	620.047729	664.913025	673.726746	681.268372	708.777039	753.895935	761.530090	764.606445	767.719482	778.801270	865.082336	884.031921	899.048401	938.914734	1018.563171
399.225250	411.632538	442.712677	490.212677	510.185577	560.195007	620.140259	665.006226	673.808289	681.354004	708.872681	753.983215	761.583862	764.671570	767.779724	778.915771	865.226257	884.124817	899.140381	939.059753	1018.808167
399.343536	411.725800	442.807404	490.306183	510.279877	560.289673	620.236877	665.103760	673.890930	681.433472	708.967590	754.061218	761.642151	764.736816	767.832886	779.040039	865.369446	884.219482	899.236877	939.202576	1019.053101
399.461884	411.819244	442.901062	490.400299	510.374725	560.383362	620.330139	665.196960	673.972168	681.513977	709.060852	754.140686	761.701599	764.798035	767.886475	779.154297	865.516785	884.314148	899.330261	939.349609	1019.297974
399.580383	411.913086	442.994446	490.495239	510.468201	560.477295	620.424866	665.288879	674.053162	681.599060	709.154724	754.228333	761.757324	764.857056	767.944580	779.278931	865.656555	884.406372	899.425110	939.494324	1019.543030
399.698639	412.007690	443.088959	490.589752	510.562164	560.572083	620.517395	665.384583	674.136841	681.679199	709.250793	754.306763	761.811401	764.922424	768.003723	779.394104	865.806885	884.502686	899.519470	939.638977	1019.788025
399.817047	412.101044	443.183624	490.683319	510.656464	560.666748	620.610474	665.479004	674.217529	681.759583	709.343933	754.385620	761.867371	764.987305	768.060547	779.517639	865.947693	884.597473	899.612732	939.783203	1020.032837
399.935425	412.194397	443.277191	490.777405	510.751282	560.760559	620.708923	665.574707	674.297974	681.844299	709.438904	754.473267	761.926880	765.048706	768.113525	779.633911	866.094177	884.689575	899.707825	939.926636	1020.277405
400.053589	412.288391	443.370789	490.872223	510.844910	560.854431	620.799988	665.667114	674.382690	681.924866	709.531006	754.552307	761.983521	765.107727	768.169739	779.756287	866.238586	884.786011	899.802490	940.073120	1020.521912
400.171936	412.382874	443.465057	490.966949	510.938782	560.949219	620.892395	665.759705	674.462891	682.005249	709.627380	754.630920	762.038879	765.173096	768.228088	779.874207	866.380920	884.878540	899.894714	940.216553	1020.766357
400.290192	412.476227	443.559692	491.060516	511.033020	561.044006	620.989136	665.857483	674.543152	682.089478	709.722107	754.718262	762.093201	765.238098	768.288147	779.995300	866.529419	884.973694	899.991089	940.362488	1021.010681
400.408661	412.569672	443.653534	491.154480	511.127930	561.137756	621.082336	665.950806	674.628601	682.170410	709.815247	754.797913	762.151672	765.299377	768.340454	780.114380	866.669373	885.068176	900.084412	940.507446	1021.255066
400.527100	412.663696	443.746948	491.249420	511.221527	561.231567	621.177185	666.042969	674.708191	682.250732	709.909058	754.876343	762.210693	765.358398	768.394287	780.234436	866.818359	885.160767	900.179321	940.651611	1021.498901
400.645447	412.758118	443.841431	491.343994	511.315308	561.326355	621.269531	666.138245	674.788147	682.334961	710.005127	754.963013	762.266418	765.423706	768.453064	780.354736	866.960754	885.256958	900.273499	940.796143	1021.742798
400.763885	412.851379	443.935944	491.437592	511.409637	561.421021	621.362549	666.232605	674.874390	682.416016	710.098572	755.043640	762.320190	765.488831	768.512695	780.473572	867.105469	885.351563	900.366638	940.939148	1021.984741
400.882355	412.944855	444.029694	491.531464	511.504425	561.515015	621.461121	666.328735	674.953491	682.496338	710.193542	755.122009	762.377136	765.550049	768.568176	780.594971	867.250854	885.444092	900.461975	941.086121	1022.223083
401.000732	413.038910	444.123291	491.626465	511.597992	561.608826	621.552368	666.421143	675.033630	682.580078	710.285339	755.208069	762.436340	765.609070	768.621338	780.712585	867.392456	885.540161	900.556396	941.230164	1022.468689
401.119049	413.133240	444.217529	491.720978	511.692017	561.703430	621.644470	666.513367	675.120117	682.661560	710.381775	755.289612	762.492615	765.674377	768.677917	780.834839	867.541809	885.632385	900.649109	941.375610	1022.714539
401.237366	413.226624	444.312134	491.814789	511.786194	561.798157	621.741333	666.611389	675.198914	682.741943	710.476440	755.367493	762.547546	765.739624	768.736633	780.951294	867.682373	885.727966	900.745056	941.519714	1022.960327
401.355682	413.320007	444.405975	491.908569	511.880951	561.892212	621.834595	666.704773	675.279053	682.825378	710.569641	755.452759	762.602356	765.800781	768.795898	781.074707	867.829895	885.822449	900.838379	941.663940	1023.205933
401.474030	413.414215	444.499542	492.003387	511.974854	561.985962	621.929565	666.797119	675.365784	682.907104	710.663635	755.535339	762.661621	765.859741	768.848022	781.189758	867.973450	885.915039	900.933472	941.809265	1023.451599
401.592377	413.508453	444.593750	492.098145	512.068604	562.080627	622.021606	666.891968	675.444397	682.987549	710.759460	755.612976	762.719849	765.925110	768.902710	781.313293	868.116882	886.011230	901.027588	941.952026	1023.697083
401.710632	413.601776	444.688324	492.191925	512.162720	562.175232	622.114746	666.986328	675.524536	683.070618	710.853333	755.697449	762.775146	765.990173	768.961304	781.428101	868.263489	886.105591	901.120483	942.098877	1023.942505
401.829041	413.695282	444.782196	492.285675	512.257507	562.269409	622.213501	667.082886	675.611267	683.152771	710.947815	755.780945	762.828918	766.051392	769.021606	781.552002	868.403931	886.198486	901.216187	942.243835	1024.187744
401.947510	413.789490	444.875824	492.380463	512.351440	562.363098	622.304688	667.175110	675.689880	683.232971	711.039795	755.858215	762.886780	766.110413	769.075928	781.667053	868.554016	886.294189	901.310364	942.388489	1024.432861
402.065796	413.883545	444.970001	492.475128	512.445129	562.457642	622.396606	667.266846	675.769775	683.315857	711.136108	755.942383	762.946106	766.175720	769.129150	781.791077	868.694885	886.386230	901.403503	942.532776	1024.677490
402.183838	413.977020	445.064514	492.569061	512.539307	562.552368	622.493713	667.365295	675.856567	683.398743	711.231018	756.026428	763.002014	766.240784	769.186401	781.905701	868.841797	886.482300	901.499207	942.675781	1024.922241
402.301880	414.070465	445.158478	492.662842	512.634094	562.646545	622.586670	667.458496	675.935364	683.478577	711.323914	756.103760	763.056396	766.302124	769.245056	782.029785	868.985840	886.576782	901.592407	942.822632	1025.166748
402.420258	414.164795	445.252075	492.757385	512.728027	562.740356	622.681824	667.551331	676.015259	683.561157	711.418152	756.187256	763.111816	766.361145	769.303528	782.145203	869.128357	886.669373	901.687378	942.966187	1025.411621
402.538605	414.258698	445.346252	492.852264	512.821777	562.834778	622.773804	667.645630	676.101746	683.644714	711.513428	756.271729	763.171082	766.426392	769.356018	782.268494	869.276245	886.765381	901.781677	943.111816	1025.656372
402.657013	414.352234	445.440735	492.946228	512.915955	562.929504	622.866882	667.739990	676.180603	683.724182	711.607971	756.349487	763.228577	766.491577	769.411133	782.385193	869.416565	886.859619	901.874329	943.257019	1025.900635
402.775452	414.445679	445.534698	493.039795	513.010559	563.023743	622.965820	667.836731	676.261108	683.806458	711.702271	756.432068	763.284058	766.552856	769.469666	782.507385	869.566040	886.952881	901.970337	943.400940	1026.145020
402.893921	414.540070	445.628235	493.134460	513.104614	563.117493	623.057007	667.929138	676.346680	683.890808	711.794556	756.517395	763.338013	766.611877	769.529724	782.625549	869.707886	887.048157	902.064209	943.545837	1026.389404
403.012360	414.633850	445.722351	493.229279	513.198547	563.211853	623.148926	668.020386	676.425903	683.969788	711.890564	756.594971	763.396423	766.677124	769.583435	782.746277	869.853027	887.140259	902.157837	943.688110	1026.634399
403.130768	414.727478	445.817017	493.323334	513.292480	563.306702	623.246033	668.118896	676.506775	684.051941	711.985413	756.677307	763.455566	766.742249	769.636841	782.865723	869.998169	887.236328	902.253235	943.835510	1026.879272
403.249176	414.820831	445.910980	493.416962	513.387146	563.400940	623.338867	668.212219	676.591797	684.136780	712.078369	756.762878	763.511353	766.803406	769.694885	782.985596	870.139771	887.330994	902.346436	943.979797	1027.124023
403.367615	414.915283	446.004547	493.511383	513.481384	563.494690	623.434204	668.305786	676.671204	684.215332	712.172974	756.840515	763.565063	766.862427	769.753601	783.106018	870.288635	887.423584	902.441650	944.125061	1027.368652
403.486145	415.009064	446.098724	493.606293	513.575012	563.588867	623.526123	668.399353	676.752747	684.297302	712.267456	756.922485	763.621643	766.927795	769.811096	783.224915	870.429565	887.519775	902.535828	944.269470	1027.613403
403.604187	415.102661	446.193237	493.700409	513.669067	563.683777	623.619080	668.493774	676.836670	684.382385	712.362488	757.008423	763.680786	766.992859	769.863831	783.346497	870.577454	887.613647	902.628235	944.413086	1027.858154
403.722626	415.196014	446.287201	493.793976	513.763733	563.778259	623.717834	668.590820	676.916809	684.460938	712.456848	757.085876	763.737427	767.054138	769.919800	783.463928	870.720581	887.707275	902.724609	944.558655	1028.102783
403.841034	415.290649	446.380890	493.888397	513.857971	563.871887	623.809326	668.683167	676.998535	684.542542	712.549133	757.167480	763.792542	767.113037	769.978027	783.586487	870.864502	887.802307	902.818298	944.701294	1028.347778
403.959534	415.384216	446.475006	493.983337	513.951477	563.965820	623.901123	668.774170	677.081848	684.627991	712.644775	757.253967	763.847473	767.178467	770.038147	783.702637	871.010315	887.894531	902.912354	944.848267	1028.593018
404.077942	415.477905	446.569458	494.077576	514.045715	564.060974	623.998291	668.872742	677.162598	684.706604	712.739990	757.331299	763.905823	767.243591	770.091064	783.825623	871.151367	887.990662	903.007202	944.993530	1028.838013
404.196014	415.571320	446.663452	494.171143	514.140259	564.155396	624.090942	668.966064	677.244141	684.787842	712.832703	757.412659	763.964539	767.304871	770.144409	783.940918	871.300903	888.085205	903.100464	945.138000	1029.083130
404.314209	415.665894	446.757080	494.265472	514.234558	564.249146	624.186279	669.059998	677.326904	684.872986	712.927917	757.499634	764.020264	767.363831	770.203186	784.063965	871.442017	888.177856	903.195862	945.282349	1029.328735
404.432312	415.759338	446.851196	494.360413	514.328186	564.342896	624.278625	669.153137	677.408203	684.952148	713.021240	757.576538	764.073853	767.429016	770.262634	784.179321	871.589233	888.274048	903.289795	945.425110	1029.574097
404.550262	415.852997	446.945648	494.454651	514.422302	564.438049	624.371155	669.247498	677.489685	685.032959	713.117065	757.657776	764.131409	767.494324	770.318787	784.302917	871.732910	888.367554	903.382080	945.572083	1029.819214
404.668549	415.946472	447.039703	494.548279	514.516724	564.532532	624.469971	669.344849	677.572021	685.118408	713.211304	757.744751	764.190430	767.555542	770.371765	784.418152	871.875916	888.461609	903.478577	945.715820	1030.064209
404.786957	416.041077	447.133331	494.642487	514.611267	564.626282	624.561768	669.437378	677.654053	685.197815	713.303833	757.822021	764.246643	767.614441	770.428101	784.541931	872.023010	888.556274	903.572327	945.861084	1030.309204
404.905548	416.134552	447.227386	494.737366	514.704651	564.719910	624.653625	669.527893	677.735229	685.278320	713.399109	757.902771	764.301208	767.679810	770.486572	784.656799	872.163696	888.649048	903.666748	946.006531	1030.553955
405.023926	416.228241	447.321960	494.831787	514.798889	564.815186	624.750488	669.626648	677.817200	685.363525	713.494446	757.989685	764.356628	767.744812	770.546509	784.780762	872.312927	888.744934	903.761414	946.150269	1030.798828
405.142426	416.321716	447.415955	494.925385	514.893372	564.909790	624.843018	669.719849	677.899719	685.443542	713.587158	758.067505	764.415649	767.806091	770.598694	784.896484	872.454895	888.839417	903.854431	946.295227	1031.043701
405.260925	416.416412	447.509644	495.019623	514.987915	565.003601	624.938782	669.814209	677.980591	685.523743	713.682556	758.147644	764.473877	767.865051	770.652832	785.019531	872.600769	888.932007	903.949951	946.437317	1031.288574
405.379333	416.509735	447.603546	495.114380	515.081177	565.097046	625.030945	669.907166	678.062317	685.608826	713.775269	758.234375	764.528992	767.930420	770.711487	785.136597	872.745178	889.028442	904.044067	946.585022	1031.533569
405.497894	416.603607	447.698029	495.208893	515.175598	565.192322	625.123352	670.001038	678.145630	685.689270	713.871704	758.313049	764.583130	767.995544	770.771484	785.258484	872.887085	889.121643	904.135925	946.729248	1031.778198
405.616211	416.696899	447.792175	495.302643	515.269958	565.286987	625.222107	670.098877	678.226013	685.769287	713.965759	758.392517	764.640930	768.056885	770.826538	785.376953	873.035522	889.216003	904.232605	946.874146	1032.022827
405.734497	416.791718	447.885834	495.396667	515.364502	565.380798	625.313904	670.191345	678.307373	685.854126	714.058533	758.479370	764.699890	768.115906	770.879578	785.497498	873.176636	889.310364	904.326355	947.019043	1032.267212
405.852936	416.884857	447.979858	495.491394	515.457825	565.474121	625.406067	670.281982	678.391479	685.934937	714.153564	758.558533	764.756104	768.181091	770.936401	785.617188	873.325073	889.403564	904.421143	947.162598	1032.511475
405.971405	416.978638	448.074402	495.586060	515.552246	565.569519	625.502808	670.380310	678.471375	686.015137	714.248901	758.637390	764.810059	768.246399	770.994995	785.736816	873.467712	889.499207	904.515320	947.308350	1032.755127
406.089874	417.072174	448.168365	495.679688	515.646545	565.664185	625.595154	670.473511	678.552429	686.099304	714.341492	758.724548	764.866150	768.307556	771.054077	785.857483	873.612183	889.593506	904.608337	947.450806	1032.997070
406.208191	417.166809	448.262238	495.773712	515.741089	565.757996	625.691162	670.568298	678.637451	686.180542	714.437439	758.804260	764.925049	768.366516	771.106323	785.976196	873.757568	889.686218	904.704102	947.597961	1033.236328
406.326385	417.260162	448.355988	495.868500	515.834351	565.851196	625.783447	670.660950	678.716736	686.260620	714.529236	758.882385	764.982544	768.431763	771.161194	786.097900	873.898560	889.782776	904.798157	947.742554	1033.479004
406.444550	417.353912	448.450531	495.963135	515.928772	565.946472	625.875671	670.754639	678.797363	686.344604	714.626221	758.969604	765.037781	768.496948	771.219849	786.215332	874.047729	889.875610	904.889893	947.887207	1033.724243
406.562622	417.447510	448.544586	496.056793	516.023071	566.041260	625.974243	670.852783	678.883240	686.426331	714.720276	759.049927	765.092163	768.558350	771.279663	786.337952	874.189331	889.970276	904.986694	948.031799	1033.969604
406.680634	417.541992	448.638336	496.150848	516.117737	566.135193	626.066406	670.945251	678.962097	686.506104	714.812988	759.127625	765.150513	768.617188	771.334106	786.453979	874.336853	890.064392	905.080322	948.174500	1034.215454
406.798798	417.635284	448.732300	496.245514	516.210876	566.228394	626.158447	671.036011	679.042786	686.590027	714.907837	759.214478	765.209229	768.682495	771.387085	786.576416	874.479980	890.158020	905.175354	948.321594	1034.461182
406.917114	417.729156	448.826721	496.340210	516.305359	566.323669	626.255127	671.134033	679.129028	686.672119	715.003296	759.295593	765.265320	768.747681	771.445007	786.692139	874.623535	890.253540	905.269470	948.465332	1034.706787
407.035553	417.822632	448.920868	496.433960	516.399719	566.418457	626.347229	671.227234	679.207642	686.751465	715.095825	759.373108	765.318665	768.808899	771.503723	786.814880	874.769958	890.347595	905.362183	948.610596	1034.952393
407.153961	417.917206	449.014648	496.527954	516.494263	566.512390	626.443237	671.322571	679.288147	686.835205	715.191833	759.459229	765.375854	768.867981	771.561707	786.930603	874.910889	890.440613	905.458374	948.755615	1035.197632
407.272461	418.010559	449.108398	496.622559	516.587402	566.605652	626.535950	671.414734	679.374878	686.917786	715.283386	759.541199	765.434692	768.933167	771.614197	787.053650	875.059875	890.536865	905.552185	948.899841	1035.442383
407.391083	418.104370	449.203033	496.717468	516.681946	566.700745	626.627747	671.508240	679.453125	686.996887	715.380737	759.618652	765.491516	768.998352	771.669861	787.169434	875.202026	890.629517	905.644348	949.044617	1035.687012
407.509552	418.197937	449.297058	496.811157	516.776306	566.795654	626.726196	671.606812	679.533386	687.080627	715.474670	759.704285	765.546143	769.059509	771.728149	787.292908	875.348450	890.724670	905.740906	949.186707	1035.931641
407.627869	418.292328	449.390839	496.904999	516.870789	566.889526	626.818665	671.699097	679.620117	687.163452	715.567383	759.787048	765.601563	769.118591	771.788025	787.408203	875.492371	890.818542	905.834473	949.334656	1036.176147
407.746338	418.385712	449.484589	496.999634	516.963989	566.982910	626.910889	671.789978	679.698608	687.242432	715.662292	759.864075	765.660156	769.183777	771.841736	787.531616	875.634949	890.912292	905.929688	949.478638	1036.420654
407.864838	418.479584	449.579254	497.094574	517.058594	567.078003	627.007202	671.887695	679.778931	687.326111	715.757690	759.949097	765.718628	769.248962	771.894714	787.647766	875.782349	891.007690	906.023621	949.623474	1036.665039
407.983368	418.573181	449.673340	497.188324	517.152832	567.172607	627.099365	671.981140	679.865295	687.408997	715.850647	760.032471	765.774170	769.310364	771.953552	787.770691	875.923767	891.101807	906.116150	949.768311	1036.909546
408.101746	418.667633	449.767120	497.282227	517.247314	567.266663	627.195557	672.076660	679.944031	687.488037	715.946289	760.109619	765.828003	769.369141	772.012695	787.888062	876.071960	891.194885	906.212585	949.912048	1037.155029
408.220123	418.761017	449.860931	497.376678	517.340759	567.359985	627.288391	672.168762	680.024170	687.571411	716.037842	760.194031	765.885498	769.434448	772.069458	788.009705	876.214783	891.290955	906.306213	950.058044	1037.400391
408.338409	418.854767	449.955444	497.471710	517.435120	567.455017	627.380066	672.261841	680.110413	687.654602	716.135132	760.277954	765.944336	769.499817	772.122070	788.128296	876.359741	891.383484	906.398621	950.200562	1037.645386
408.456757	418.948486	450.049347	497.565521	517.529297	567.549622	627.478333	672.360718	680.189331	687.733643	716.229126	760.355164	766.000732	769.560974	772.178223	788.248718	876.504700	891.478943	906.495117	950.347595	1037.890381
408.574890	419.042755	450.143494	497.659363	517.623901	567.644104	627.570862	672.452820	680.269958	687.816772	716.321716	760.439209	766.054932	769.619873	772.236694	788.368591	876.645935	891.572632	906.588440	950.491699	1038.135498
408.692871	419.136230	450.237183	497.753754	517.717285	567.737183	627.663269	672.544250	680.355530	687.900452	716.416748	760.523499	766.110840	769.685059	772.296265	788.488159	876.794678	891.666565	906.683777	950.636475	1038.380249
408.810944	419.229980	450.331573	497.848816	517.811768	567.832458	627.759460	672.641357	680.434814	687.979309	716.511902	760.600586	766.169556	769.750427	772.349365	788.609009	876.936462	891.761902	906.777527	950.781311	1038.625244
408.929199	419.323639	450.425598	497.942657	517.906006	567.926880	627.851501	672.734863	680.515320	688.062073	716.605408	760.684204	766.227661	769.811584	772.402954	788.727356	877.084106	891.855957	906.869873	950.923889	1038.869995
409.047333	419.417908	450.519745	498.036499	518.000427	568.020996	627.947876	672.830688	680.600586	688.146118	716.700745	760.769165	766.282715	769.870544	772.461731	788.849487	877.227173	891.949219	906.966675	951.071289	1039.114624
409.165527	419.511414	450.613434	498.130646	518.093933	568.114502	628.040833	672.922729	680.680420	688.224976	716.792236	760.846130	766.337219	769.935730	772.521362	788.966614	877.371155	892.045044	907.060364	951.214844	1039.359131
409.284027	419.605133	450.707886	498.225769	518.188354	568.209229	628.132324	673.015564	680.761108	688.307495	716.889465	760.929321	766.395081	770.001038	772.577087	789.088989	877.517151	892.137451	907.152893	951.360229	1039.603882
409.402588	419.698944	450.801849	498.319733	518.282532	568.303711	628.230530	673.114441	680.845581	688.391785	716.983582	761.014709	766.453796	770.062317	772.629944	789.205200	877.658081	892.233093	907.249084	951.504822	1039.848389
409.521210	419.793152	450.895874	498.413544	518.377014	568.398438	628.323120	673.206665	680.925964	688.470459	717.076111	761.091736	766.510132	770.121155	772.686890	789.327393	877.806824	892.326965	907.342407	951.649414	1040.093628
409.639618	419.886566	450.989685	498.507660	518.470642	568.491516	628.415833	673.298645	681.006531	688.552979	717.171509	761.174377	766.563660	770.186340	772.745117	789.443359	877.949219	892.420898	907.437927	951.794128	1040.338623
409.758026	419.980408	451.084076	498.602875	518.565063	568.586731	628.511841	673.395081	681.090698	688.637146	717.265747	761.260315	766.620422	770.251770	772.804565	789.565735	878.096069	892.516052	907.531616	951.935852	1040.584351
409.876526	420.074280	451.178070	498.696869	518.659058	568.681091	628.603699	673.488586	681.171448	688.716187	717.360352	761.337158	766.679077	770.312988	772.857117	789.681885	878.239502	892.609985	907.623840	952.084473	1040.829834
409.994995	420.168274	451.272125	498.790710	518.753540	568.775330	628.700134	673.584595	681.252502	688.798401	717.455139	761.419434	766.736511	770.371887	772.911499	789.804504	878.382629	892.703674	907.720886	952.228149	1041.075195
410.113495	420.261810	451.366028	498.884766	518.847229	568.869080	628.793335	673.676697	681.335815	688.882446	717.546814	761.505859	766.791443	770.437073	772.970093	789.920715	878.529419	892.799194	907.814453	952.372681	1041.320190
410.232086	420.355560	451.460266	498.979919	518.941650	568.963379	628.884460	673.769165	681.417114	688.961975	717.643860	761.582703	766.846375	770.502441	773.029663	790.043701	878.670837	892.891174	907.907288	952.517456	1041.565308
410.350494	420.449463	451.554291	499.074066	519.035706	569.058044	628.982544	673.868286	681.498108	689.043762	717.737976	761.664551	766.904602	770.563660	773.084656	790.159363	878.818848	892.987305	908.003052	952.661560	1041.810059
410.468750	420.543335	451.648376	499.167816	519.130127	569.153015	629.075562	673.960632	681.580933	689.127625	717.830261	761.751221	766.963196	770.622498	773.137695	790.282593	878.961914	893.081055	908.096497	952.807556	1042.055054
410.586823	420.637054	451.742188	499.261719	519.223877	569.245850	629.168335	674.052917	681.662720	689.207703	717.925964	761.828125	767.019287	770.687744	773.195435	790.399170	879.107361	893.175049	908.192139	952.950073	1042.299683
410.705048	420.730774	451.836517	499.356903	519.318176	569.340942	629.264038	674.148926	681.743530	689.289185	718.019714	761.909363	767.072510	770.753052	773.253601	790.521912	879.251831	893.270386	908.285522	953.097168	1042.544434
410.823151	420.824738	451.930450	499.451141	519.412292	569.435425	629.355957	674.242249	681.826294	689.373108	718.115173	761.996155	767.130188	770.814270	773.312134	790.639465	879.393677	893.363831	908.377808	953.241150	1042.789063
410.941284	420.918579	452.024658	499.544922	519.506653	569.529602	629.452515	674.338745	681.908508	689.453491	718.209473	762.073730	767.188599	770.873230	773.364441	790.760803	879.541504	893.458130	908.474976	953.385864	1043.033936
411.059479	421.012177	452.118591	499.638702	519.600586	569.623596	629.545898	674.430786	681.989075	689.534363	718.301270	762.154541	767.245605	770.938354	773.420044	790.879822	879.683716	893.553101	908.568359	953.530701	1043.278809
411.177643	421.105957	452.212677	499.734009	519.694824	569.717407	629.636780	674.522827	682.071106	689.618408	718.398193	762.240967	767.299866	771.003845	773.478516	790.999878	879.831055	893.645752	908.661560	953.673340	1043.523438
411.295990	421.200043	452.306793	499.828308	519.788757	569.812378	629.734863	674.622070	682.154297	689.699097	718.492432	762.319275	767.355652	771.064941	773.537903	791.120117	879.974304	893.741699	908.757141	953.820862	1043.766724
