387.849152	402.601288	433.659821	480.996002	500.983612	550.970093	610.899109	655.730286	665.726013	673.243469	699.581970	745.894165	755.932251	758.440125	762.196716	767.205383	851.048157	874.806274	889.812866	924.860657	995.021545
387.967194	402.695282	433.754822	481.091187	501.079407	551.065247	610.995422	655.820557	665.807983	673.324097	699.677124	745.974060	755.987244	758.502686	762.253113	767.324524	851.196899	874.903381	889.908386	925.007751	995.265808
388.085449	402.788055	433.848999	481.185364	501.173096	551.158813	611.085022	655.917480	665.888794	673.404846	699.773376	746.056458	756.045837	758.565552	762.310486	767.445129	851.340393	875.000671	890.005493	925.152039	995.509949
388.203857	402.882874	433.943512	481.280090	501.267303	551.252441	611.181946	656.014282	665.971130	673.488586	699.862854	746.139343	756.098511	758.627930	762.363892	767.564270	851.485291	875.091675	890.095947	925.295349	995.754028
388.321991	402.976654	434.035767	481.372833	501.360291	551.346863	611.277649	656.102844	666.053101	673.569458	699.962219	746.219299	756.158997	758.691406	762.424316	767.684753	851.632080	875.186035	890.191895	925.438049	995.997986
388.440125	403.070587	434.130798	481.467987	501.456085	551.442200	611.368103	656.200317	666.133972	673.650330	700.054016	746.302002	756.212524	758.754211	762.478271	767.803650	851.772705	875.280273	890.286255	925.582764	996.241577
388.558197	403.163483	434.224976	481.561981	501.549866	551.535828	611.464233	656.293945	666.216431	673.733704	700.148499	746.384033	756.271667	758.816833	762.537170	767.922913	851.920898	875.375061	890.379639	925.729858	996.484436
388.676270	403.257996	434.319672	481.656982	501.644012	551.629395	611.557495	656.388794	666.298462	673.814880	700.245300	746.464661	756.325989	758.879333	762.590271	768.042725	852.059570	875.471741	890.475281	925.874084	996.729065
388.794464	403.351990	434.411835	481.749603	501.737152	551.723877	611.651001	656.483765	666.379333	673.895691	700.336365	746.547546	756.383911	758.942749	762.649231	768.160767	852.208069	875.560364	890.566895	926.020447	996.973755
388.912354	403.446014	434.506927	481.844666	501.832672	551.819153	611.747070	656.574097	666.461670	673.979004	700.432007	746.628601	756.440552	759.005615	762.704773	768.281006	852.352783	875.657227	890.662598	926.164001	997.218689
389.030029	403.538818	434.601044	481.938812	501.926636	551.912842	611.836975	656.670959	666.543762	674.060059	700.527832	746.709961	756.496643	759.067993	762.762512	768.398865	852.496582	875.754211	890.759399	926.306274	997.463623
389.148132	403.633331	434.695679	482.033661	502.020782	552.006348	611.933838	656.768127	666.624512	674.141296	700.617920	746.793152	756.554565	759.130737	762.818542	768.519775	852.643860	875.845703	890.849976	926.450928	997.708252
389.266327	403.727325	434.787872	482.126343	502.113983	552.100830	612.029602	656.856689	666.707275	674.224060	700.716675	746.873352	756.608215	759.193909	762.873657	768.636780	852.783569	875.939880	890.945923	926.594849	997.952515
389.384277	403.821350	434.882965	482.221344	502.209351	552.196045	612.119995	656.953979	666.788757	674.305298	700.808777	746.955383	756.668152	759.257019	762.933228	768.757446	852.931458	876.033936	891.039917	926.742859	998.196777
389.502441	403.914154	434.977020	482.315613	502.303406	552.289978	612.216187	657.047180	666.869202	674.387024	700.903015	747.038574	756.721741	759.319275	762.987549	768.874084	853.072998	876.128967	891.133789	926.887695	998.440186
389.620850	404.008728	435.071716	482.410400	502.397461	552.383301	612.309387	657.142822	666.952576	674.469421	700.999878	747.118164	756.781067	759.382324	763.046204	768.996094	853.219604	876.225952	891.229675	927.032593	998.682434
389.739380	404.102722	435.163879	482.503204	502.490784	552.477844	612.403198	657.237244	667.033691	674.550354	701.090637	747.200623	756.834473	759.445068	763.098572	769.112366	853.365051	876.314270	891.321167	927.175476	998.926636
389.857971	404.196655	435.258972	482.598053	502.586121	552.573120	612.498779	657.327759	667.113770	674.632690	701.186890	747.283691	756.894043	759.508484	763.158691	769.234985	853.507751	876.411011	891.416687	927.318054	999.168823
389.975922	404.289581	435.353088	482.692291	502.680206	552.666931	612.588806	657.424438	667.197815	674.714844	701.282104	747.363159	756.948914	759.570496	763.213196	769.352051	853.655212	876.507813	891.513123	927.464600	999.415039
390.094116	404.384033	435.447845	482.787109	502.774292	552.760376	612.685730	657.521729	667.278870	674.795410	701.372742	747.445984	757.006165	759.633789	763.271851	769.473572	853.794067	876.599854	891.604248	927.608459	999.661194
390.212402	404.478027	435.539948	482.880005	502.867554	552.854919	612.781433	657.610474	667.358521	674.878296	701.471375	747.529175	757.062683	759.696533	763.326416	769.591553	853.942383	876.694031	891.700012	927.756042	999.907166
390.330627	404.572052	435.634888	482.974792	502.962799	552.950012	612.871887	657.707764	667.443298	674.960327	701.563171	747.608398	757.117981	759.759888	763.383057	769.712830	854.085693	876.787476	891.793579	927.900635	1000.152710
390.448669	404.665039	435.729126	483.069092	503.057068	553.044067	612.968201	657.800476	667.524048	675.040466	701.657715	747.691650	757.177124	759.821777	763.441406	769.831360	854.231140	876.882629	891.887756	928.044006	1000.398193
390.566742	404.759277	435.823883	483.163849	503.151123	553.137390	613.061401	657.896606	667.603699	675.123596	701.754456	747.774536	757.231323	759.885315	763.496948	769.952698	854.377014	876.980164	891.983765	928.186890	1000.644043
390.684998	404.853333	435.915955	483.256744	503.244507	553.231934	613.155273	657.991028	667.688416	675.205627	701.844910	747.853516	757.290283	759.947693	763.554871	770.071289	854.518738	877.068542	892.075256	928.330688	1000.889893
390.803284	404.947357	436.010925	483.351532	503.339569	553.326904	613.250549	658.081421	667.769287	675.285400	701.941711	747.937134	757.343079	760.011414	763.607056	770.192322	854.666443	877.164612	892.170715	928.477966	1001.135742
390.921448	405.040497	436.105133	483.445831	503.433838	553.421143	613.340942	658.177979	667.848694	675.368958	702.036499	748.019531	757.403442	760.072876	763.668091	770.310852	854.804688	877.261414	892.266968	928.621887	1001.381470
391.039368	405.134674	436.199890	483.540649	503.527893	553.514404	613.437683	658.275391	667.933350	675.450989	702.127625	748.098694	757.457458	760.136841	763.722290	770.430603	854.954102	877.354004	892.358398	928.768799	1001.627136
391.157288	405.228668	436.291962	483.633575	503.621307	553.609009	613.533325	658.364258	668.014587	675.530579	702.225769	748.182617	757.515930	760.199036	763.780945	770.549988	855.098022	877.448364	892.454285	928.912964	1001.873108
391.275238	405.322784	436.386932	483.728241	503.716248	553.703796	613.623901	658.461548	668.093689	675.614075	702.317688	748.264526	757.570923	760.263062	763.834534	770.668701	855.242310	877.541077	892.547424	929.054871	1002.118835
391.393311	405.415802	436.481140	483.822632	503.810699	553.798340	613.720093	658.553833	668.178040	675.696289	702.412354	748.344055	757.627686	760.324097	763.892822	770.788757	855.389038	877.636536	892.641785	929.199402	1002.364685
391.511353	405.509918	436.575989	483.917389	503.904846	553.891541	613.813232	658.650330	668.259949	675.775818	702.508972	748.428040	757.685669	760.388306	763.949524	770.906555	855.529297	877.734314	892.737976	929.343018	1002.610474
391.629517	405.604065	436.667999	484.010437	503.998169	553.985962	613.907166	658.744751	668.338989	675.859070	702.599243	748.509216	757.740906	760.450256	764.005920	771.027405	855.677429	877.822815	892.829407	929.491028	1002.855835
391.747711	405.697998	436.762939	484.104980	504.092834	554.080811	614.002380	658.834595	668.422852	675.941650	702.696472	748.589294	757.799194	760.514404	764.063232	771.144836	855.817688	877.918640	892.924927	929.635681	1003.101257
391.866150	405.791290	436.857239	484.199402	504.187561	554.175415	614.093018	658.931580	668.505310	676.021545	702.790833	748.673645	757.852112	760.575500	764.116699	771.266174	855.965759	878.014954	893.020813	929.781006	1003.346313
391.984772	405.885162	436.951996	484.294006	504.281647	554.268433	614.189758	659.028503	668.584229	676.104126	702.882507	748.753845	757.912659	760.639648	764.177307	771.382141	856.110229	878.108154	893.112610	929.924377	1003.590759
392.102905	405.979370	437.043945	484.387329	504.375122	554.362976	614.285156	659.118286	668.667664	676.186768	702.980164	748.834595	757.966003	760.701599	764.231323	771.503967	856.253418	878.202698	893.208374	930.066345	1003.835327
392.221008	406.073456	437.138947	484.481628	504.469513	554.457703	614.375549	659.215088	668.750610	676.267273	703.072327	748.919189	758.025391	760.765930	764.290161	771.620483	856.400513	878.294556	893.301086	930.212524	1004.079712
392.339050	406.166565	437.233276	484.576172	504.564453	554.552307	614.471863	659.307190	668.829773	676.349182	703.166931	748.998718	758.079407	760.826599	764.342957	771.742920	856.540039	878.390198	893.395752	930.356262	1004.323669
392.457245	406.260529	437.328003	484.670746	504.658386	554.645447	614.565247	659.403809	668.912476	676.431946	703.263611	749.079956	758.137817	760.891296	764.402039	771.859131	856.688110	878.488281	893.492249	930.504211	1004.566650
392.575256	406.354767	437.420074	484.764252	504.751984	554.739685	614.659241	659.498291	668.995422	676.513062	703.353394	749.164368	758.193909	760.952820	764.457764	771.981750	856.830872	878.576965	893.583496	930.648987	1004.811707
392.693390	406.448792	437.514893	484.858398	504.846222	554.834717	614.753906	659.587891	669.075562	676.594604	703.451233	749.244080	758.250244	761.017456	764.515686	772.098633	856.977234	878.672485	893.679199	930.792725	1005.056458
392.811646	406.541992	437.609253	484.952972	504.941223	554.929260	614.844910	659.685181	669.157410	676.677185	703.545105	749.325378	758.307861	761.078003	764.571167	772.220520	857.121826	878.768433	893.774597	930.935730	1005.301270
392.930054	406.635834	437.703949	485.047424	505.035065	555.022583	614.941711	659.781799	669.240173	676.758850	703.637390	749.409607	758.361938	761.142578	764.626343	772.338379	857.264893	878.862183	893.866699	931.079041	1005.545959
393.048340	406.730072	437.796265	485.141113	505.129059	555.116638	615.037109	659.872253	669.321350	676.839539	703.734619	749.489441	758.421692	761.204163	764.686096	772.460144	857.411804	878.956909	893.962524	931.226196	1005.790466
393.166443	406.824188	437.890839	485.235107	505.222931	555.211548	615.127563	659.968384	669.402588	676.921997	703.826660	749.570862	758.475586	761.268799	764.740479	772.578247	857.550476	879.047974	894.054749	931.369812	1006.034851
393.284363	406.917389	437.985260	485.329834	505.318176	555.306152	615.223755	660.060730	669.485229	677.004517	703.921631	749.655029	758.534546	761.329041	764.798889	772.699768	857.699768	879.143921	894.149902	931.517090	1006.279114
393.402466	407.011108	438.080078	485.424255	505.411743	555.399658	615.317200	660.157104	669.567078	677.084534	704.018188	749.734680	758.587708	761.393982	764.851257	772.817932	857.843445	879.242065	894.246460	931.661560	1006.523315
393.520538	407.105408	438.172211	485.518005	505.505890	555.493591	615.411255	660.252136	669.647827	677.166931	704.107544	749.816711	758.647522	761.455322	764.911499	772.938354	857.988525	879.331360	894.337708	931.803772	1006.766968
393.638550	407.199524	438.266907	485.611786	505.599548	555.588562	615.505737	660.341492	669.730286	677.249878	704.205811	749.900330	758.702454	761.520020	764.966431	773.057190	858.133911	879.426331	894.433289	931.947998	1007.010620
393.756744	407.292755	438.361298	485.706635	505.694763	555.683167	615.597046	660.438843	669.812683	677.329956	704.299500	749.979858	758.760071	761.580383	765.024658	773.176636	858.275452	879.522095	894.528259	932.091125	1007.254578
393.875061	407.386383	438.456055	485.801025	505.788544	555.776611	615.693604	660.535095	669.893066	677.412048	704.392212	750.062073	758.815918	761.645386	765.079102	773.296082	858.422852	879.615906	894.620972	932.239319	1007.498291
393.993408	407.480713	438.548370	485.894928	505.882568	555.870544	615.788940	660.626221	669.975403	677.495178	704.489075	750.145569	758.871704	761.706787	765.136169	773.414307	858.562500	879.711060	894.716797	932.383484	1007.741638
394.111786	407.574921	438.642853	485.988647	505.976257	555.965454	615.879456	660.721802	670.057861	677.575500	704.581055	750.224976	758.930786	761.771484	765.194275	773.535156	858.711975	879.801331	894.808777	932.529541	1007.985535
394.229584	407.668152	438.737335	486.083344	506.071442	556.060120	615.975769	660.814209	670.138184	677.657166	704.676270	750.307678	758.985046	761.831543	765.249817	773.652588	858.855652	879.897705	894.904053	932.673401	1008.230347
394.347778	407.761749	438.832092	486.177643	506.165222	556.153809	616.069214	660.910522	670.220581	677.740479	704.772888	750.390503	759.043701	761.896606	765.307556	773.773804	858.999207	879.995850	895.000671	932.814819	1008.475220
394.465790	407.856140	438.924377	486.271851	506.259399	556.247437	616.163330	661.006042	670.302612	677.820740	704.861816	750.470337	759.096313	761.957947	765.360046	773.890686	859.145752	880.085388	895.091919	932.960693	1008.719666
394.583740	407.950317	439.018707	486.365326	506.352875	556.342468	616.257446	661.095093	670.383484	677.902649	704.960449	750.553162	759.156921	762.022705	765.420715	774.012207	859.286072	880.180420	895.187439	933.104065	1008.963623
394.701904	408.043579	439.113373	486.460114	506.448181	556.437012	616.349060	661.192566	670.465942	677.985535	705.053894	750.634888	759.210938	762.082825	765.475403	774.128540	859.433838	880.275818	895.281921	933.252380	1009.207153
394.820190	408.137177	439.208130	486.554413	506.542023	556.530823	616.445496	661.288330	670.547485	678.066040	705.147278	750.715698	759.269653	762.148193	765.533813	774.250916	859.576111	880.369751	895.375122	933.396973	1009.449951
394.938507	408.231445	439.300446	486.648773	506.636017	556.624451	616.540833	661.380249	670.628845	678.148132	705.243591	750.798706	759.324280	762.209351	765.587402	774.366577	859.723511	880.465149	895.470886	933.541260	1009.695068
395.056793	408.325684	439.394775	486.742096	506.729584	556.719360	616.631348	661.475220	670.711304	678.230591	705.335327	750.879395	759.381348	762.274109	765.645569	774.489929	859.867249	880.554993	895.562866	933.684570	1009.939575
395.175171	408.418945	439.489380	486.836884	506.824860	556.813904	616.727478	661.567688	670.792419	678.311340	705.431030	750.960999	759.439148	762.334045	765.702454	774.605591	860.010498	880.651611	895.658264	933.827148	1010.183105
395.293060	408.512451	439.584045	486.931183	506.918793	556.907898	616.821167	661.663940	670.874084	678.393860	705.527710	751.044312	759.494690	762.399414	765.759033	774.728577	860.157043	880.749390	895.754639	933.974365	1010.427246
395.411346	408.606720	439.676544	487.025665	507.012909	557.001343	616.915344	661.759827	670.956604	678.475769	705.616699	751.124084	759.552612	762.460510	765.815857	774.845398	860.296570	880.839539	895.846008	934.117859	1010.673523
395.529572	408.701019	439.770752	487.118805	507.106354	557.096497	617.009216	661.848694	671.037415	678.556641	705.715088	751.206421	759.605713	762.525635	765.869690	774.967712	860.445068	880.934326	895.941528	934.265564	1010.919312
395.647552	408.794281	439.865479	487.213745	507.201508	557.190857	617.101074	661.946350	671.118896	678.639587	705.808350	751.289368	759.666260	762.585327	765.930176	775.085144	860.588806	881.029480	896.035767	934.409912	1011.165283
395.765747	408.887756	439.960052	487.307953	507.295502	557.284912	617.197510	662.041382	671.202026	678.721130	705.902344	751.368835	759.719788	762.650818	765.984436	775.207336	860.734741	881.123596	896.129211	934.552368	1011.411133
395.883942	408.982147	440.052643	487.402679	507.389557	557.378357	617.292664	662.134399	671.282410	678.801758	705.998169	751.451965	759.778992	762.711914	766.042969	775.324951	860.878723	881.219299	896.225098	934.696411	1011.656921
396.002289	409.076447	440.146729	487.495605	507.483154	557.473389	617.383301	662.228638	671.363770	678.885254	706.089722	751.534668	759.832581	762.776733	766.095703	775.446228	861.021545	881.308899	896.316956	934.839539	1011.902710
396.120667	409.169556	440.241486	487.590332	507.578247	557.567932	617.479370	662.321228	671.447449	678.966553	706.185852	751.613647	759.891541	762.836548	766.154907	775.564392	861.168030	881.405396	896.412354	934.987488	1012.148376
396.239014	409.263123	440.335999	487.684601	507.672241	557.661865	617.572998	662.417297	671.527588	679.046692	706.282104	751.697571	759.947388	762.902100	766.210693	775.684387	861.307556	881.503174	896.508667	935.131470	1012.394287
396.356598	409.357422	440.428650	487.779419	507.766388	557.755249	617.667297	662.513794	671.608765	679.130859	706.371582	751.780029	760.003967	762.963257	766.268677	775.803406	861.457764	881.593567	896.600098	935.277893	1012.640015
396.474396	409.451904	440.522675	487.872437	507.859924	557.850403	617.760864	662.602417	671.692566	679.212158	706.469604	751.858948	760.061096	763.028137	766.323792	775.922302	861.601074	881.688171	896.695679	935.422302	1012.885620
396.592438	409.544922	440.617493	487.967072	507.954865	557.944824	617.852966	662.700073	671.772827	679.291748	706.563049	751.943176	760.115601	763.087830	766.379028	776.042419	861.745300	881.782898	896.789490	935.563599	1013.131287
396.710480	409.638458	440.712097	488.061310	508.049011	558.039001	617.949524	662.794556	671.853760	679.376160	706.656982	752.025269	760.175354	763.153442	766.438904	776.160461	861.890808	881.877441	896.883240	935.709229	1013.376770
396.828613	409.732880	440.804749	488.156219	508.143066	558.132263	618.044373	662.888489	671.937683	679.457581	706.752747	752.104187	760.229126	763.214661	766.493530	776.281311	862.032104	881.973389	896.979187	935.851990	1013.622253
396.946899	409.827362	440.898712	488.249176	508.236664	558.227356	618.135193	662.982117	672.018066	679.536987	706.844116	752.188721	760.288147	763.279663	766.551636	776.398438	862.179199	882.062866	897.071228	936.000671	1013.867859
397.065247	409.920227	440.993652	488.343719	508.331512	558.321777	618.231201	663.074890	672.098877	679.621338	706.940491	752.270386	760.341064	763.339111	766.604004	776.520203	862.320679	882.159119	897.166443	936.145020	1014.113281
397.183624	410.013885	441.088013	488.438202	508.425873	558.416077	618.324951	663.170715	672.182617	679.702881	707.036621	752.349304	760.401001	763.404785	766.664307	776.636780	862.469788	882.256775	897.262573	936.289856	1014.358765
397.301971	410.108215	441.180908	488.532959	508.519867	558.509399	618.419312	663.267578	672.263428	679.782349	707.126404	752.434265	760.455872	763.466064	766.719482	776.758911	862.612793	882.347717	897.354248	936.433655	1014.604065
397.419830	410.202789	441.274719	488.626007	508.613495	558.604370	618.512695	663.356140	672.343872	679.866516	707.224182	752.515503	760.513916	763.530945	766.777649	776.874817	862.756165	882.442017	897.449768	936.575378	1014.849365
397.538055	410.295685	441.369659	488.720306	508.708221	558.698730	618.605042	663.453918	672.427429	679.948181	707.317566	752.594604	760.569214	763.590393	766.831848	776.997742	862.902283	882.536560	897.543030	936.722717	1015.094482
397.656372	410.389191	441.464020	488.814972	508.802582	558.793213	618.701416	663.547791	672.508850	680.027832	707.411621	752.679871	760.625366	763.656311	766.888977	777.113098	863.042664	882.631104	897.637146	936.865662	1015.339539
397.774597	410.483582	441.557007	488.909668	508.896698	558.886414	618.796265	663.642578	672.589111	680.111328	707.507385	752.760315	760.684143	763.717407	766.947083	777.236694	863.190125	882.727417	897.733398	937.013733	1015.583801
397.892975	410.578247	441.650696	489.002747	508.990326	558.981445	618.887024	663.735657	672.672180	680.193665	707.598206	752.839722	760.738831	763.782227	767.002747	777.352478	863.334106	882.817017	897.825256	937.158081	1015.827515
398.011169	410.670990	441.745758	489.096985	509.084930	559.075623	618.983093	663.828308	672.754456	680.273438	707.695313	752.925354	760.797180	763.841614	767.060364	777.475586	863.481140	882.912903	897.920593	937.301025	1016.068970
398.129517	410.764618	441.840027	489.191711	509.179413	559.170288	619.076904	663.924194	672.834473	680.355957	707.790894	753.004944	760.849609	763.907593	767.113098	777.592163	863.624146	883.010559	898.016479	937.445190	1016.313538
398.247864	410.858948	441.933044	489.286438	509.273346	559.263428	619.171265	664.021118	672.917114	680.438782	707.881226	753.085266	760.910461	763.968811	767.173584	777.714844	863.767639	883.101868	898.108459	937.587830	1016.557922
398.365936	410.953613	442.026703	489.379517	509.367065	559.358459	619.264465	664.109985	672.999634	680.519165	707.978516	753.170715	760.964417	764.033630	767.228516	777.832031	863.913513	883.196289	898.203918	937.735901	1016.802124
398.483582	411.046295	442.121826	489.473694	509.461609	559.452759	619.357056	664.207336	673.079956	680.600769	708.071960	753.249939	761.023376	764.092957	767.286682	777.953735	864.052979	883.290161	898.296814	937.879395	1017.046204
398.601410	411.139954	442.216003	489.568481	509.556213	559.547485	619.453369	664.301208	673.161987	680.683960	708.166199	753.330872	761.077515	764.158997	767.340088	778.071777	864.203064	883.384949	898.391174	938.026367	1017.290588
398.719269	411.234314	442.309113	489.663177	509.650299	559.640503	619.548157	664.396118	673.244690	680.765076	708.262024	753.415894	761.135193	764.220215	767.398376	778.192139	864.346497	883.481689	898.487549	938.170593	1017.534912
398.837219	411.328949	442.402710	489.756348	509.743958	559.735413	619.638977	664.489441	673.325745	680.845764	708.352478	753.495056	761.192444	764.284912	767.455261	778.310669	864.491699	883.571228	898.579529	938.312134	1017.779053
398.955292	411.421661	442.497772	489.850464	509.838318	559.829590	619.734863	664.581665	673.406921	680.929138	708.450012	753.576355	761.248291	764.344177	767.512207	778.430176	864.635803	883.666870	898.674683	938.457764	1018.022949
399.073608	411.515228	442.591919	489.945313	509.932983	559.924438	619.828857	664.677917	673.489624	681.010681	708.545227	753.661011	761.305908	764.410400	767.568359	778.549683	864.778259	883.764038	898.770203	938.599915	1018.266907
399.191956	411.609650	442.685303	490.040039	510.027008	560.017517	619.923401	664.774536	673.571167	681.090698	708.636108	753.740540	761.359497	764.471619	767.622559	778.668335	864.924622	883.855957	898.862610	938.748718	1018.510315
399.310303	411.704315	442.778748	490.133301	510.120819	560.112366	620.016235	664.864014	673.652039	681.174194	708.732971	753.822144	761.419922	764.536438	767.682922	778.788757	865.065308	883.950562	898.958252	938.893066	1018.753662
399.428741	411.796936	442.873840	490.227234	510.214996	560.206665	620.109192	664.960815	673.734741	681.256470	708.826416	753.906128	761.473694	764.595459	767.737488	778.906372	865.215759	884.043701	899.050415	939.038391	1018.996704
399.546661	411.890656	442.967987	490.322144	510.309784	560.301392	620.205383	665.054688	673.816406	681.335693	708.920654	753.985657	761.532410	764.661621	767.795715	779.027832	865.358398	884.138672	899.145569	939.182373	1019.239441
399.664673	411.984985	443.061310	490.416748	510.403900	560.394470	620.300049	665.149597	673.897278	681.419250	709.016602	754.067688	761.585876	764.722900	767.848328	779.144714	865.502380	884.235718	899.241760	939.323608	1019.482727
399.783081	412.079834	443.154694	490.510040	510.497681	560.489197	620.390930	665.243225	673.979797	681.501648	709.106689	754.151062	761.645142	764.787720	767.907715	779.266846	865.647583	884.325378	899.333557	939.471008	1019.727783
399.901550	412.172302	443.249878	490.603882	510.591736	560.583496	620.486877	665.334839	674.061462	681.581055	709.204651	754.230896	761.700989	764.846619	767.963501	779.383057	865.788757	884.420959	899.428833	939.613770	1019.973389
400.019958	412.265869	443.344025	490.698761	510.686615	560.678406	620.580750	665.431641	674.142517	681.664490	709.299377	754.313232	761.757813	764.913025	768.021423	779.505676	865.935608	884.517639	899.523987	939.761902	1020.218933
400.138336	412.360291	443.437439	490.793518	510.780609	560.771545	620.675354	665.527832	674.224854	681.747009	709.390991	754.395935	761.814331	764.974304	768.076355	779.621155	866.078857	884.610046	899.616760	939.906189	1020.464661
400.256683	412.455139	443.530670	490.886902	510.874481	560.866089	620.767944	665.617859	674.306641	681.826477	709.487732	754.476196	761.869202	765.039001	768.132019	779.744690	866.227356	884.704712	899.712280	940.049805	1020.710510
400.374817	412.547638	443.625946	490.980652	510.968384	560.960388	620.861023	665.714294	674.388123	681.909729	709.580627	754.558838	761.929077	765.097900	768.191833	779.859680	866.369568	884.797241	899.804138	940.194214	1020.956360
400.492950	412.641235	443.719971	491.075562	511.063538	561.055237	620.957275	665.808228	674.470154	681.992249	709.675110	754.640869	761.982971	765.164368	768.246704	779.983521	866.513367	884.892273	899.899597	940.336243	1021.201904
400.610565	412.735718	443.813477	491.170197	511.157471	561.148560	621.051819	665.903137	674.551331	682.071899	709.771606	754.721497	762.041687	765.225647	768.304321	780.099182	866.658875	884.989929	899.995972	940.484253	1021.446838
400.728455	412.830566	443.906708	491.263794	511.251404	561.242859	621.142944	665.996948	674.633606	682.155212	709.860962	754.804382	762.094238	765.290527	768.356628	780.222473	866.799133	885.079590	900.087830	940.627380	1021.690796
400.846497	412.922943	444.001953	491.357391	511.345062	561.337524	621.238586	666.088379	674.715393	682.237305	709.959229	754.885742	762.154419	765.349182	768.417175	780.338989	866.947388	885.175110	900.182922	940.774719	1021.933289
400.964508	413.016693	444.095886	491.452423	511.440460	561.432068	621.332581	666.185425	674.796204	682.317322	710.053589	754.966797	762.209351	765.415771	768.472473	780.461304	867.091919	885.271301	900.277771	940.918762	1022.178833
401.082367	413.111023	444.189606	491.546967	511.534149	561.525635	621.427124	666.281067	674.878967	682.400757	710.145874	755.049927	762.267761	765.477112	768.530518	780.578674	867.238098	885.364075	900.370789	941.060730	1022.424316
401.200470	413.205902	444.282715	491.640717	511.628265	561.619751	621.519836	666.371948	674.960815	682.482300	710.242371	755.130005	762.322449	765.541809	768.584473	780.700012	867.380920	885.458862	900.466431	941.206055	1022.669800
401.318695	413.298248	444.377960	491.734192	511.721802	561.714417	621.612976	666.467773	675.041077	682.562500	710.334839	755.212341	762.378723	765.600342	768.641968	780.817810	867.524353	885.550659	900.558105	941.348206	1022.915222
401.437073	413.391968	444.471863	491.829315	511.817200	561.809021	621.709106	666.561707	675.124084	682.646423	710.429749	755.295105	762.437622	765.667175	768.700012	780.938049	867.669922	885.646057	900.653870	941.497253	1023.160339
401.555450	413.486389	444.565674	491.923737	511.910950	561.902710	621.803528	666.656616	675.206177	682.727478	710.526428	755.374634	762.492432	765.728516	768.755493	781.057068	867.810364	885.743713	900.750061	941.640869	1023.405884
401.673401	413.581299	444.658691	492.017731	512.005127	561.996704	621.894836	666.750732	675.286072	682.808044	710.615662	755.457886	762.550598	765.793213	768.812988	781.176208	867.960938	885.833618	900.841980	941.786743	1023.651245
401.791595	413.673553	444.754089	492.110901	512.098450	562.091370	621.990356	666.842041	675.369080	682.892029	710.714233	755.540405	762.603516	765.851685	768.866028	781.296082	868.103943	885.929016	900.936951	941.930786	1023.896912
401.909943	413.767303	444.847809	492.206177	512.193970	562.185913	622.084473	666.939148	675.451538	682.973022	710.807922	755.619690	762.663879	765.918640	768.926270	781.414124	868.248657	886.024841	901.031555	942.071960	1024.142822
402.028351	413.861725	444.941742	492.300537	512.287781	562.279602	622.179077	667.034363	675.531128	683.053406	710.900879	755.703430	762.718262	765.979858	768.981567	781.535278	868.392822	886.118042	901.124878	942.219421	1024.388550
402.146851	413.956665	445.034790	492.394592	512.381836	562.373657	622.271729	667.126099	675.614075	683.137756	710.997070	755.785522	762.776794	766.044434	769.039551	781.652588	868.534790	886.212830	901.220703	942.362000	1024.634277
402.265198	414.048889	445.130066	492.487640	512.475220	562.468384	622.365051	667.221069	675.696716	683.218506	711.089233	755.864441	762.830872	766.102966	769.092651	781.774536	868.680969	886.304077	901.312256	942.510132	1024.880005
402.383453	414.142578	445.223816	492.582916	512.570557	562.562866	622.460876	667.315308	675.776367	683.298462	711.184265	755.949219	762.889038	766.170044	769.151062	781.890869	868.823425	886.399780	901.408020	942.654297	1025.125366
402.501709	414.237091	445.317871	492.677216	512.664612	562.656738	622.555359	667.410156	675.859009	683.383301	711.281372	756.030762	762.945923	766.231201	769.208130	782.013672	868.973572	886.497437	901.504211	942.798462	1025.370728
402.619812	414.332001	445.410858	492.771545	512.758606	562.750549	622.647034	667.504639	675.941833	683.463928	711.370544	756.109436	763.001953	766.295837	769.265320	782.129272	869.115295	886.587585	901.596130	942.942688	1025.616089
402.737671	414.424255	445.506226	492.864441	512.851746	562.845398	622.742188	667.595581	676.021606	683.543640	711.468994	756.194885	763.059204	766.354553	769.321167	782.252625	869.259338	886.682861	901.691101	943.084534	1025.861450
402.855530	414.517792	445.599854	492.959778	512.947205	562.939758	622.836365	667.692810	676.103943	683.628235	711.562256	756.276123	763.113098	766.421448	769.375244	782.367615	869.404114	886.778503	901.785217	943.232788	1026.106812
402.973480	414.612488	445.693909	493.053986	513.041382	563.033936	622.931152	667.787781	676.186829	683.709412	711.655762	756.354675	763.173462	766.482544	769.435669	782.491699	869.545227	886.871948	901.878906	943.375671	1026.351440
403.091553	414.707306	445.786865	493.148438	513.135315	563.127502	623.023499	667.880127	676.267212	683.788757	711.751892	756.440308	763.227539	766.546997	769.490723	782.606140	869.691956	886.966919	901.974792	943.523132	1026.596191
403.209564	414.799683	445.882202	493.241241	513.228394	563.222473	623.116882	667.974609	676.348938	683.873169	711.843445	756.521301	763.285950	766.605896	769.548401	782.730469	869.836731	887.058044	902.066406	943.666870	1026.841064
403.327637	414.893250	445.975922	493.336517	513.323914	563.316772	623.212830	668.068909	676.431946	683.954773	711.938904	756.599792	763.339111	766.672729	769.601013	782.845947	869.984436	887.153564	902.162231	943.809509	1027.085327
403.445648	414.987885	446.070160	493.430786	513.418091	563.410889	623.307068	668.163635	676.512817	684.034241	712.035950	756.685852	763.398499	766.734070	769.660400	782.968933	870.126526	887.251221	902.258118	943.954590	1027.328857
403.563843	415.082611	446.162872	493.525299	513.512085	563.504517	623.399048	668.258606	676.594116	684.117859	712.125427	756.766357	763.454407	766.798401	769.716492	783.085632	870.270447	887.341553	902.350281	944.096619	1027.571655
403.682037	415.174988	446.258209	493.617950	513.605225	563.599487	623.493958	668.349304	676.676697	684.200134	712.223633	756.845337	763.511719	766.857422	769.774414	783.207642	870.415283	887.436829	902.445068	944.245667	1027.813110
403.800232	415.268585	446.351929	493.713135	513.700684	563.693726	623.588196	668.446594	676.758484	684.279846	712.316650	756.931458	763.567444	766.924133	769.828979	783.325134	870.555908	887.532104	902.538879	944.389160	1028.057617
403.918518	415.363312	446.446136	493.807587	513.794861	563.787964	623.683105	668.541077	676.839111	684.362427	712.410217	757.011536	763.622681	766.985352	769.885071	783.445923	870.705444	887.625793	902.633057	944.535339	1028.301758
404.036682	415.457916	446.538910	493.902008	513.888794	563.881531	623.775513	668.634338	676.921570	684.445618	712.506714	757.090820	763.682556	767.049622	769.944702	783.564209	870.849548	887.721008	902.728760	944.679138	1028.545776
404.155090	415.550385	446.634247	493.994751	513.982117	563.976440	623.868835	668.728027	677.003906	684.525452	712.597656	757.176880	763.736694	767.108643	769.999573	783.684265	870.995056	887.811890	902.820740	944.820557	1028.789673
404.273560	415.643921	446.727905	494.089752	514.077393	564.070618	623.964661	668.822449	677.084045	684.607117	712.693542	757.256165	763.795044	767.175476	770.057007	783.803406	871.138062	887.907349	902.916260	944.967590	1029.033447
404.391785	415.738678	446.822296	494.184326	514.171631	564.164978	624.058960	668.917236	677.166443	684.691040	712.790222	757.336243	763.847595	767.236816	770.109619	783.921997	871.281006	888.005005	903.012024	945.109985	1029.276855
404.510071	415.833191	446.914825	494.278809	514.265625	564.258484	624.151245	669.012451	677.248962	684.771118	712.880188	757.422119	763.907837	767.301147	770.169861	784.042480	871.426147	888.095703	903.104431	945.258667	1029.519897
404.628357	415.925690	447.010345	494.371582	514.358826	564.353577	624.245850	669.102966	677.329285	684.851807	712.978394	757.501160	763.962891	767.360107	770.225647	784.160400	871.568237	888.190674	903.199402	945.402527	1029.762085
404.746521	416.019257	447.103943	494.466431	514.454041	564.447571	624.339905	669.200195	677.411194	684.936401	713.070984	757.581909	764.021362	767.426880	770.283325	784.282043	871.718872	888.285706	903.292480	945.546936	1030.006714
404.864685	416.114136	447.198303	494.561035	514.548401	564.542175	624.435059	669.294373	677.494141	685.016907	713.164612	757.666931	764.075806	767.488098	770.337097	784.398804	871.860962	888.379517	903.387024	945.691101	1030.250977
404.982697	416.208435	447.290985	494.655609	514.642273	564.635559	624.527527	669.388184	677.574585	685.096863	713.261536	757.746094	764.132690	767.552368	770.394714	784.521240	872.005676	888.475098	903.482971	945.832581	1030.495483
405.100647	416.301056	447.386353	494.748413	514.735657	564.730591	624.620850	669.481567	677.656494	685.181641	713.351868	757.827576	764.190918	767.611572	770.452759	784.637024	872.149719	888.565857	903.575012	945.981018	1030.741577
405.218689	416.394592	447.479980	494.843079	514.830688	564.824585	624.716492	669.575684	677.739258	685.262634	713.448181	757.911743	764.246277	767.678223	770.508789	784.760559	872.291382	888.661438	903.670349	946.123779	1030.987549
405.336761	416.489502	447.574371	494.937866	514.925293	564.919312	624.810669	669.670593	677.819702	685.341919	713.544312	757.991577	764.304016	767.739624	770.565735	784.875732	872.437256	888.758667	903.765930	946.271362	1031.233398
405.454834	416.583771	447.667053	495.032257	515.019104	565.012573	624.903137	669.765930	677.901733	685.426697	713.635071	758.073181	764.357117	767.803528	770.619141	784.999512	872.581482	888.849792	903.858582	946.415466	1031.479370
405.572906	416.676483	447.762360	495.125183	515.112488	565.107605	624.997620	669.856689	677.984253	685.508240	713.732910	758.156616	764.417297	767.862915	770.679138	785.114075	872.730896	888.944580	903.953674	946.558105	1031.725220
405.690979	416.769897	447.855865	495.219696	515.207397	565.201477	625.091675	669.953735	678.065002	685.586914	713.825195	758.236755	764.471985	767.929565	770.734619	785.238464	872.872314	889.039124	904.046265	946.702576	1031.971069
405.809082	416.864807	447.950470	495.314728	515.301941	565.296509	625.186951	670.047607	678.147156	685.671814	713.919006	758.318909	764.530334	767.990906	770.792480	785.352966	873.016479	889.133362	904.140930	946.844788	1032.216919
405.927032	416.959167	448.043182	495.409027	515.395813	565.389587	625.279419	670.141785	678.229248	685.753418	714.016357	758.401489	764.584106	768.054871	770.845398	785.476685	873.160828	889.229065	904.237305	946.993958	1032.462524
406.045349	417.051880	448.138336	495.501984	515.489319	565.484680	625.372742	670.235229	678.310181	685.832275	714.106079	758.482056	764.642639	768.114380	770.903870	785.592834	873.301636	889.320068	904.329285	947.137390	1032.707764
406.163605	417.145233	448.231873	495.596283	515.584045	565.578430	625.468262	670.328979	678.392700	685.917114	714.202698	758.564453	764.699402	768.181152	770.960938	785.715271	873.450012	889.415344	904.424500	947.283997	1032.952759
406.281769	417.240173	448.326569	495.691498	515.678772	565.673462	625.562561	670.424377	678.474243	685.998718	714.298584	758.646362	764.755554	768.242249	771.018311	785.832458	873.594604	889.512268	904.519714	947.427856	1033.196777
406.400055	417.334381	448.419220	495.785706	515.772461	565.766541	625.655334	670.519287	678.555115	686.077881	714.389893	758.727417	764.812439	768.306091	771.073730	785.953735	873.741577	889.603760	904.612732	947.569214	1033.439819
406.518372	417.427155	448.514435	495.878845	515.866150	565.861694	625.749451	670.610657	678.638245	686.162415	714.487610	758.809937	764.866638	768.365784	771.128174	786.071472	873.883423	889.698914	904.707947	947.715820	1033.682617
406.636658	417.520508	448.607910	495.972992	515.960693	565.955383	625.843384	670.707092	678.719543	686.244080	714.579590	758.891357	764.926819	768.432434	771.188416	786.191895	874.027283	889.792725	904.799988	947.857788	1033.928101
406.754913	417.615601	448.702667	496.068207	516.055664	566.050415	625.938843	670.801208	678.800110	686.323486	714.673584	758.972839	764.981262	768.493652	771.243774	786.310730	874.171509	889.887024	904.895264	948.006958	1034.173462
406.873169	417.709808	448.795258	496.162567	516.149414	566.143555	626.031372	670.895386	678.883789	686.407898	714.770996	759.055542	765.039612	768.557556	771.301208	786.429871	874.313293	889.983337	904.991516	948.150818	1034.419067
406.991547	417.802612	448.890442	496.255707	516.242981	566.238464	626.124817	670.988892	678.964844	686.489014	714.860291	759.136230	765.092285	768.617188	771.353699	786.549622	874.463379	890.074280	905.083557	948.295593	1034.664307
407.109741	417.896027	448.983978	496.349823	516.337402	566.332336	626.220215	671.082275	679.044983	686.568909	714.957458	759.218323	765.152039	768.683899	771.413147	786.668396	874.606567	890.169434	905.178467	948.439819	1034.909668
407.227722	417.991058	449.078857	496.445160	516.432495	566.427368	626.314331	671.178040	679.129028	686.653320	715.052795	759.300781	765.207947	768.745117	771.469666	786.789307	874.752136	890.265808	905.273499	948.580688	1035.155151
407.345673	418.085114	449.171356	496.539398	516.526062	566.520569	626.407471	671.272644	679.210327	686.734131	715.144714	759.380798	765.265686	768.808777	771.527283	786.906799	874.895081	890.357971	905.366821	948.729065	1035.400513
407.463928	418.177979	449.266357	496.632660	516.619812	566.615417	626.501160	671.364502	679.289856	686.814514	715.242249	759.463867	765.320679	768.868591	771.581787	787.028687	875.037781	890.453125	905.462158	948.871704	1035.645752
407.581940	418.271240	449.359985	496.726624	516.714233	566.709229	626.595093	671.460632	679.374268	686.898987	715.333862	759.545959	765.376404	768.935181	771.638123	787.144958	875.182556	890.546265	905.553589	949.019714	1035.891479
407.700134	418.366516	449.454926	496.821930	516.809265	566.804321	626.690857	671.554810	679.455688	686.979187	715.427979	759.625488	765.436157	768.996460	771.697327	787.267822	875.326416	890.640869	905.649475	949.163940	1036.136841
407.818146	418.460419	449.547363	496.916077	516.902893	566.897705	626.783325	671.648926	679.534851	687.059875	715.525940	759.709473	765.490540	769.060181	771.752686	787.383789	875.476196	890.737427	905.745483	949.306885	1036.381836
407.936340	418.553345	449.642395	497.009521	516.996765	566.992249	626.876770	671.742554	679.619324	687.144287	715.614868	759.791138	765.548523	769.119934	771.809875	787.507568	875.617859	890.828430	905.837830	949.451477	1036.626831
408.054382	418.646667	449.735992	497.103271	517.090881	567.086304	626.972046	671.835388	679.700867	687.224792	715.712280	759.870300	765.601379	769.186462	771.862610	787.622253	875.762817	890.923523	905.932617	949.593018	1036.871582
408.172363	418.741821	449.830872	497.198608	517.186279	567.181152	627.066223	671.931885	679.780273	687.305298	715.807068	759.955139	765.661438	769.247864	771.922546	787.746460	875.906555	891.019531	906.027283	949.742249	1037.116821
408.290405	418.835754	449.923431	497.292847	517.279785	567.274536	627.159607	672.025940	679.864258	687.389526	715.899597	760.036438	765.716736	769.311401	771.978699	787.860474	876.047791	891.112122	906.120789	949.885254	1037.361938
408.408356	418.928772	450.018494	497.386292	517.373596	567.369263	627.253052	672.118530	679.946106	687.470337	715.996948	760.115173	765.774841	769.371460	772.036255	787.984741	876.194580	891.207153	906.216309	950.032349	1037.607056
408.526611	419.022034	450.111877	497.480042	517.467590	567.463196	627.346741	672.213989	680.025696	687.550354	716.088196	760.200928	765.829102	769.437988	772.089783	788.099792	876.339539	891.299744	906.307251	950.176514	1037.852051
408.644928	419.117249	450.207001	497.575470	517.563049	567.558105	627.442810	672.308289	680.109070	687.634583	716.182556	760.281677	765.886475	769.499390	772.147461	788.222839	876.487366	891.394592	906.403564	950.317810	1038.096802
408.763184	419.210999	450.299622	497.669525	517.656616	567.651733	627.535400	672.402344	680.191162	687.715698	716.280823	760.359985	765.944580	769.562683	772.205688	788.339417	876.629211	891.491638	906.499573	950.464478	1038.341064
408.881622	419.304108	450.394470	497.763214	517.750549	567.746094	627.628784	672.496216	680.271240	687.795532	716.369507	760.446533	765.999939	769.622864	772.262024	788.461487	876.773499	891.582336	906.592102	950.605591	1038.585083
408.999969	419.397339	450.487946	497.856720	517.844238	567.840332	627.723877	672.589172	680.353699	687.879456	716.467285	760.526978	766.057251	769.689331	772.318237	788.578674	876.917358	891.677551	906.686646	950.755127	1038.828613
409.118164	419.492645	450.582977	497.952240	517.939941	567.934998	627.817993	672.685608	680.436340	687.961426	716.561218	760.605591	766.110901	769.750671	772.371948	788.699707	877.058838	891.773010	906.781006	950.898621	1039.071777
409.236420	419.586365	450.675568	498.046204	518.033386	568.028442	627.911682	672.779236	680.516968	688.040894	716.654602	760.692017	766.170837	769.813904	772.431885	788.817932	877.207825	891.866028	906.874817	951.044067	1039.313477
409.354584	419.679504	450.770325	498.140076	518.127319	568.123169	628.004944	672.872437	680.598267	688.124146	716.751465	760.772156	766.225830	769.874268	772.487732	788.937866	877.351868	891.961121	906.970215	951.188599	1039.554688
409.472717	419.772736	450.863922	498.233521	518.221008	568.217102	628.098450	672.967407	680.681335	688.207092	716.842651	760.850891	766.283936	769.940796	772.545288	789.056885	877.498535	892.053284	907.061157	951.328796	1039.797852
409.590912	419.868011	450.959015	498.329163	518.316650	568.312012	628.194885	673.061951	680.762512	688.286194	716.937073	760.937500	766.337402	770.002136	772.598022	789.176147	877.640564	892.148254	907.157898	951.477112	1040.041626
409.709106	419.961670	451.051758	498.422913	518.410095	568.405823	628.287354	673.155884	680.843262	688.368958	717.035583	761.017517	766.396240	770.065125	772.656677	789.296631	877.784180	892.245300	907.253723	951.619751	1040.286377
409.827362	420.054871	451.146271	498.517151	518.504089	568.499756	628.380737	673.250122	680.926208	688.452637	717.124329	761.096375	766.452881	770.125671	772.713928	789.414673	877.928101	892.336243	907.346191	951.768066	1040.531494
409.945587	420.148132	451.239929	498.610199	518.597595	568.594543	628.475769	673.342896	681.007996	688.531982	717.222290	761.183044	766.509460	770.192078	772.771240	789.536011	878.071228	892.431580	907.440674	951.912415	1040.776367
410.063751	420.243378	451.335052	498.705994	518.693420	568.688843	628.569824	673.439392	681.087952	688.613647	717.315552	761.262634	766.565735	770.253540	772.826355	789.652893	878.221069	892.526489	907.534851	952.055542	1041.021240
410.181732	420.337036	451.427765	498.799774	518.786987	568.782471	628.663757	673.532410	681.171082	688.698181	717.409180	761.341736	766.620300	770.316467	772.881409	789.775269	878.363586	892.619995	907.628845	952.200195	1041.266357
410.299805	420.430237	451.522308	498.894043	518.880859	568.876953	628.756897	673.626465	681.253235	688.777405	717.506287	761.427795	766.680298	770.376892	772.941162	789.891174	878.509033	892.715088	907.724548	952.341492	1041.511108
410.417542	420.523468	451.615936	498.986877	518.974243	568.971313	628.850281	673.720886	681.333069	688.858215	717.596985	761.507385	766.735046	770.443298	772.996704	790.015076	878.652039	892.806946	907.815186	952.490356	1041.755615
410.535156	420.618713	451.711121	499.082977	519.070068	569.066101	628.946716	673.815552	681.416199	688.943542	717.691711	761.587219	766.792969	770.504822	773.053894	790.130615	878.794312	892.901978	907.911987	952.633301	1042.001343
410.653168	420.712372	451.803894	499.176453	519.163635	569.159973	629.039307	673.909363	681.498535	689.023010	717.789978	761.672546	766.845764	770.567627	773.106323	790.254395	878.939636	892.999084	908.007690	952.780701	1042.247314
410.771423	420.805664	451.898163	499.270874	519.257629	569.253357	629.132813	674.003906	681.578003	689.102966	717.878967	761.752441	766.905396	770.628357	773.166016	790.368652	879.084351	893.090332	908.100342	952.925232	1042.493164
410.889832	420.898865	451.992004	499.363647	519.350952	569.348877	629.227661	674.096558	681.661194	689.188843	717.977112	761.832886	766.961426	770.694580	773.222717	790.492615	879.232910	893.185425	908.194824	953.066406	1042.739014
411.008270	420.994049	452.087097	499.459625	519.446716	569.442688	629.321472	674.193054	681.743652	689.268860	718.069885	761.917419	767.019348	770.756226	773.280029	790.607117	879.374878	893.280273	908.288513	953.212769	1042.984619
411.126587	421.087677	452.179962	499.553284	519.540466	569.536377	629.415955	674.285828	681.823181	689.348083	718.163635	761.997314	767.073975	770.818909	773.334351	790.731018	879.519714	893.373840	908.383057	953.353394	1043.230225
411.244873	421.181000	452.274200	499.647705	519.634399	569.630859	629.508789	674.380493	681.906555	689.434204	718.261169	762.078552	767.130005	770.879639	773.390930	790.846558	879.663086	893.469116	908.478638	953.503296	1043.475464
411.363037	421.274231	452.368011	499.740479	519.727722	569.725281	629.602234	674.474487	681.988708	689.514587	718.351257	762.162170	767.189636	770.945801	773.449951	790.969238	879.804565	893.560974	908.569580	953.646606	1043.720703
